molecule_chembl_id,canonical_smiles,standard_type,standard_value,standard_units,pchembl_value,activity_comment,assay_chembl_id,confidence_score,target_chembl_id,document_chembl_id,source_pdb_id,source_uniprot_id
CHEMBL500138,C/C=C/[C@@H]1O[C@H](CO)[C@H](O)[C@H](O)[C@H]1O,IC50,5000000.0,nM,,,CHEMBL1008161,8,CHEMBL4531,CHEMBL1156608,8itz,P17931
CHEMBL2368599,OC[C@@H]1O[C@H](O[C@@H]2[C@@H](O)[C@H](O)[C@@H](OCCCCCCO[C@@H]3O[C@H](CO)[C@@H](O[C@@H]4O[C@H](CO)[C@H](O)[C@H](O)[C@H]4O)[C@H](O)[C@H]3O)O[C@H]2CO)[C@@H](O)[C@H](O)[C@@H]1O,IC50,163000.0,nM,,,CHEMBL1005624,8,CHEMBL4531,CHEMBL1156608,8itz,P17931
CHEMBL6067641,O=C[C@H](O)[C@@H](O)[C@@H](O)[C@H](O)CO,IC50,50000000.0,nM,,,CHEMBL1008161,8,CHEMBL4531,CHEMBL1156608,8itz,P17931
CHEMBL5314358,,IC50,800000.0,nM,,,CHEMBL1008161,8,CHEMBL4531,CHEMBL1156608,8itz,P17931
CHEMBL5314358,,IC50,800000.0,nM,,,CHEMBL1008161,8,CHEMBL4531,CHEMBL1156608,8itz,P17931
CHEMBL5314358,,IC50,800000.0,nM,,,CHEMBL1008161,8,CHEMBL4531,CHEMBL1156608,8itz,P17931
CHEMBL5314358,,IC50,800000.0,nM,,,CHEMBL1008161,8,CHEMBL4531,CHEMBL1156608,8itz,P17931
CHEMBL5314358,,IC50,800000.0,nM,,,CHEMBL1008161,8,CHEMBL4531,CHEMBL1156608,8itz,P17931
CHEMBL5314358,,IC50,800000.0,nM,,,CHEMBL1008161,8,CHEMBL4531,CHEMBL1156608,8itz,P17931
CHEMBL5314358,,IC50,800000.0,nM,,,CHEMBL1008161,8,CHEMBL4531,CHEMBL1156608,8itz,P17931
CHEMBL5314358,,IC50,800000.0,nM,,,CHEMBL1008161,8,CHEMBL4531,CHEMBL1156608,8itz,P17931
CHEMBL497324,OC[C@@H]1O[C@H](n2cc(CS[C@@H]3O[C@H](CO)[C@H](O)[C@H](O)[C@H]3O)nn2)[C@@H](O)[C@H](O)[C@@H]1O,IC50,2500000.0,nM,,,CHEMBL1008161,8,CHEMBL4531,CHEMBL1156608,8itz,P17931
CHEMBL505985,OC[C@@H]1O[C@H](O[C@@H]2[C@@H](O)[C@H](O)[C@@H](n3cc(CS[C@@H]4O[C@H](CO)[C@H](O)[C@H](O)[C@H]4O)nn3)O[C@H]2CO)[C@@H](O)[C@H](O)[C@@H]1O,IC50,600000.0,nM,,,CHEMBL1008161,8,CHEMBL4531,CHEMBL1156608,8itz,P17931
CHEMBL502536,OC[C@@H]1O[C@H](n2cc(CS[C@@H]3O[C@H](CO)[C@@H](O[C@@H]4O[C@H](CO)[C@H](O)[C@H](O)[C@H]4O)[C@H](O)[C@H]3O)nn2)[C@@H](O)[C@H](O)[C@@H]1O,IC50,300000.0,nM,,,CHEMBL1008161,8,CHEMBL4531,CHEMBL1156608,8itz,P17931
CHEMBL508204,OC[C@@H]1O[C@H](O[C@@H]2[C@@H](O)[C@H](O)[C@@H](n3cc(CS[C@@H]4O[C@H](CO)[C@@H](O[C@@H]5O[C@H](CO)[C@H](O)[C@H](O)[C@H]5O)[C@H](O)[C@H]4O)nn3)O[C@H]2CO)[C@@H](O)[C@H](O)[C@@H]1O,IC50,160000.0,nM,,,CHEMBL1008161,8,CHEMBL4531,CHEMBL1156608,8itz,P17931
CHEMBL522064,OC[C@@H]1O[C@H](SCC#CC#CCS[C@@H]2O[C@H](CO)[C@H](O)[C@H](O)[C@H]2O)[C@@H](O)[C@@H](O)[C@@H]1O,IC50,5000000.0,nM,,,CHEMBL1008161,8,CHEMBL4531,CHEMBL1156608,8itz,P17931
CHEMBL449603,OC[C@@H]1O[C@H](O[C@@H]2[C@@H](O)[C@H](O)[C@@H](SCC#CC#CCS[C@@H]3O[C@H](CO)[C@@H](O[C@@H]4O[C@H](CO)[C@H](O)[C@H](O)[C@H]4O)[C@H](O)[C@H]3O)O[C@H]2CO)[C@@H](O)[C@H](O)[C@@H]1O,IC50,160000.0,nM,,,CHEMBL1008161,8,CHEMBL4531,CHEMBL1156608,8itz,P17931
CHEMBL500405,OC[C@@H]1O[C@H](SCC#Cc2ccc(C#CCS[C@@H]3O[C@H](CO)[C@H](O)[C@H](O)[C@H]3O)cc2)[C@@H](O)[C@H](O)[C@@H]1O,IC50,5000000.0,nM,,,CHEMBL1008161,8,CHEMBL4531,CHEMBL1156608,8itz,P17931
CHEMBL444523,CC(=O)O[C@@H]1[C@@H](O)[C@H](SCC#Cc2ccc(C#CCS[C@H]3O[C@@H](CO)[C@H](O[C@H]4O[C@@H](CO)[C@@H](O)[C@@H](O)[C@@H]4O)[C@@H](O)[C@@H]3O)cc2)O[C@H](CO)[C@H]1O[C@@H]1O[C@H](CO)[C@H](O)[C@H](O)[C@H]1O,IC50,300000.0,nM,,,CHEMBL1008161,8,CHEMBL4531,CHEMBL1156608,8itz,P17931
CHEMBL443369,C#CCS[C@@H]1O[C@H](CO)[C@H](O)[C@H](O)[C@H]1O,IC50,2500000.0,nM,,,CHEMBL1008161,8,CHEMBL4531,CHEMBL1156608,8itz,P17931
CHEMBL502537,C#CCS[C@@H]1O[C@H](CO)[C@@H](O[C@@H]2O[C@H](CO)[C@H](O)[C@H](O)[C@H]2O)[C@H](O)[C@H]1O,IC50,300000.0,nM,,,CHEMBL1008161,8,CHEMBL4531,CHEMBL1156608,8itz,P17931
CHEMBL499869,COC(=O)Nc1nc(C)c(C[C@@H]2O[C@H](CO)[C@H](O)[C@H](O)[C@H]2O)s1,IC50,5000000.0,nM,,,CHEMBL1008161,8,CHEMBL4531,CHEMBL1156608,8itz,P17931
CHEMBL527113,CC(=O)Nc1nc(C)c(C[C@@H]2O[C@H](CO)[C@H](O)[C@H](O)[C@H]2O)s1,IC50,5000000.0,nM,,,CHEMBL1008161,8,CHEMBL4531,CHEMBL1156608,8itz,P17931
CHEMBL502806,Cc1nc(NC(=O)Cc2ccccc2)sc1C[C@@H]1O[C@H](CO)[C@H](O)[C@H](O)[C@H]1O,IC50,5000000.0,nM,,,CHEMBL1008161,8,CHEMBL4531,CHEMBL1156608,8itz,P17931
CHEMBL502805,Cc1nc(NC(=O)c2ccc(Br)cc2)sc1C[C@@H]1O[C@H](CO)[C@H](O)[C@H](O)[C@H]1O,IC50,2500000.0,nM,,,CHEMBL1008161,8,CHEMBL4531,CHEMBL1156608,8itz,P17931
CHEMBL500125,COc1ccc(C(=O)Nc2nc(C)c(C[C@@H]3O[C@H](CO)[C@H](O)[C@H](O)[C@H]3O)s2)cc1,IC50,2500000.0,nM,,,CHEMBL1008161,8,CHEMBL4531,CHEMBL1156608,8itz,P17931
CHEMBL500124,Cc1nc(NC(=O)c2ccc([N+](=O)[O-])cc2)sc1C[C@@H]1O[C@H](CO)[C@H](O)[C@H](O)[C@H]1O,IC50,5000000.0,nM,,,CHEMBL1008161,8,CHEMBL4531,CHEMBL1156608,8itz,P17931
CHEMBL499073,Cc1nc(NC(=O)c2ccccc2)sc1C[C@@H]1O[C@H](CO)[C@H](O)[C@H](O)[C@H]1O,IC50,2500000.0,nM,,,CHEMBL1008161,8,CHEMBL4531,CHEMBL1156608,8itz,P17931
CHEMBL499072,Cc1nc(NCc2ccc([N+](=O)[O-])cc2)sc1C[C@@H]1O[C@H](CO)[C@H](O)[C@H](O)[C@H]1O,IC50,2500000.0,nM,,,CHEMBL1008161,8,CHEMBL4531,CHEMBL1156608,8itz,P17931
CHEMBL525202,Cc1nc(NCc2ccccc2)sc1C[C@@H]1O[C@H](CO)[C@H](O)[C@H](O)[C@H]1O,IC50,2500000.0,nM,,,CHEMBL1008161,8,CHEMBL4531,CHEMBL1156608,8itz,P17931
CHEMBL499071,Cc1nc(NS(=O)(=O)c2cc(Br)ccc2Br)sc1C[C@@H]1O[C@H](CO)[C@H](O)[C@H](O)[C@H]1O,IC50,2500000.0,nM,,,CHEMBL1008161,8,CHEMBL4531,CHEMBL1156608,8itz,P17931
CHEMBL500420,Cc1nc(NS(=O)(=O)c2ccc(C(C)(C)C)cc2)sc1C[C@@H]1O[C@H](CO)[C@H](O)[C@H](O)[C@H]1O,IC50,5000000.0,nM,,,CHEMBL1008161,8,CHEMBL4531,CHEMBL1156608,8itz,P17931
CHEMBL502549,Cc1nc(NS(=O)(=O)c2ccccc2Cl)sc1C[C@@H]1O[C@H](CO)[C@H](O)[C@H](O)[C@H]1O,IC50,5000000.0,nM,,,CHEMBL1008161,8,CHEMBL4531,CHEMBL1156608,8itz,P17931
CHEMBL502548,Cc1nc(NS(=O)(=O)c2ccc3ccccc3c2)sc1C[C@@H]1O[C@H](CO)[C@H](O)[C@H](O)[C@H]1O,IC50,2500000.0,nM,,,CHEMBL1008161,8,CHEMBL4531,CHEMBL1156608,8itz,P17931
CHEMBL524363,Cc1nc(NS(=O)(=O)c2ccc(Br)cc2)sc1C[C@@H]1O[C@H](CO)[C@H](O)[C@H](O)[C@H]1O,IC50,5000000.0,nM,,,CHEMBL1008161,8,CHEMBL4531,CHEMBL1156608,8itz,P17931
CHEMBL502547,Cc1ccc(S(=O)(=O)Nc2nc(C)c(C[C@@H]3O[C@H](CO)[C@H](O)[C@H](O)[C@H]3O)s2)cc1,IC50,5000000.0,nM,,,CHEMBL1008161,8,CHEMBL4531,CHEMBL1156608,8itz,P17931
CHEMBL524323,C=C(C[C@@H]1O[C@H](CO)[C@H](O)[C@H](O)[C@H]1O)c1cccc([N+](=O)[O-])c1,IC50,5000000.0,nM,,,CHEMBL1008161,8,CHEMBL4531,CHEMBL1156608,8itz,P17931
CHEMBL501197,C=C(C[C@@H]1O[C@H](CO)[C@H](O)[C@H](O)[C@H]1O)c1ccc(OC)cc1,IC50,5000000.0,nM,,,CHEMBL1008161,8,CHEMBL4531,CHEMBL1156608,8itz,P17931
CHEMBL453187,CC(=O)C[C@@H]1O[C@H](CO)[C@H](O)[C@H](O)[C@H]1O,IC50,5000000.0,nM,,,CHEMBL1008161,8,CHEMBL4531,CHEMBL1156608,8itz,P17931
CHEMBL501196,OC[C@H]1O[C@@H](C/C=C/c2cccc(/C=C/C[C@@H]3O[C@H](CO)[C@H](O)[C@H](O)[C@H]3O)c2)[C@H](O)[C@@H](O)[C@H]1O,IC50,5000000.0,nM,,,CHEMBL1008161,8,CHEMBL4531,CHEMBL1156608,8itz,P17931
CHEMBL507820,COC(=O)/C=C(\C[C@@H]1O[C@H](CO)[C@H](O)[C@H](O)[C@H]1O)c1ccccc1,IC50,5000000.0,nM,,,CHEMBL1008161,8,CHEMBL4531,CHEMBL1156608,8itz,P17931
CHEMBL446968,COC(=O)/C=C/C[C@@H]1O[C@H](CO)[C@H](O)[C@H](O)[C@H]1O,IC50,5000000.0,nM,,,CHEMBL1008161,8,CHEMBL4531,CHEMBL1156608,8itz,P17931
CHEMBL445870,OC[C@H]1O[C@@H](C/C=C/c2ccccc2)[C@H](O)[C@@H](O)[C@H]1O,IC50,5000000.0,nM,,,CHEMBL1008161,8,CHEMBL4531,CHEMBL1156608,8itz,P17931
CHEMBL4779606,CO[C@@H]1[C@@H](n2cc(-c3ccc(Cl)c(Cl)c3F)nn2)[C@@H](O)[C@@H](CO)O[C@H]1C(=O)N(C)c1ccc2ncsc2c1,IC50,14.0,nM,7.85,,CHEMBL4679827,9,CHEMBL4531,CHEMBL4673398,8itz,P17931
CHEMBL4759243,CO[C@@H]1[C@@H](n2cc(-c3ccc(Br)c(F)c3F)nn2)[C@@H](O)[C@@H](CO)O[C@H]1C(=O)N(C)c1ccc2ncsc2c1,IC50,15.0,nM,7.82,,CHEMBL4679827,9,CHEMBL4531,CHEMBL4673398,8itz,P17931
CHEMBL4759243,CO[C@@H]1[C@@H](n2cc(-c3ccc(Br)c(F)c3F)nn2)[C@@H](O)[C@@H](CO)O[C@H]1C(=O)N(C)c1ccc2ncsc2c1,IC50,15.0,nM,7.82,,CHEMBL4679827,9,CHEMBL4531,CHEMBL4673398,8itz,P17931
CHEMBL4791572,CO[C@@H]1[C@@H](n2cc(-c3ccc(Cl)c(F)c3Cl)nn2)[C@@H](O)[C@@H](CO)O[C@H]1C(=O)N(C)c1ccc2ncsc2c1,IC50,18.0,nM,7.75,,CHEMBL4679827,9,CHEMBL4531,CHEMBL4673398,8itz,P17931
CHEMBL4778131,CCS(=O)(=O)c1ccc(Cl)cc1N(C)C(=O)[C@@H]1O[C@H](CO)[C@H](O)[C@H](n2cc(-c3cc(F)c(F)c(F)c3)nn2)[C@H]1OC,IC50,26.0,nM,7.58,,CHEMBL4679827,9,CHEMBL4531,CHEMBL4673398,8itz,P17931
CHEMBL4754458,CO[C@@H]1[C@@H](n2cc(-c3ccc(Cl)c(F)c3F)nn2)[C@@H](O)[C@@H](CO)O[C@H]1C(=O)N(C)c1ccc2ncsc2c1,IC50,21.0,nM,7.68,,CHEMBL4679827,9,CHEMBL4531,CHEMBL4673398,8itz,P17931
CHEMBL4754458,CO[C@@H]1[C@@H](n2cc(-c3ccc(Cl)c(F)c3F)nn2)[C@@H](O)[C@@H](CO)O[C@H]1C(=O)N(C)c1ccc2ncsc2c1,IC50,21.0,nM,7.68,,CHEMBL4679827,9,CHEMBL4531,CHEMBL4673398,8itz,P17931
CHEMBL4741028,CO[C@@H]1[C@@H](n2cc(-c3cc(F)c(F)c(F)c3)nn2)[C@@H](O)[C@@H](CO)O[C@H]1C(=O)N(C)c1ccc2ncsc2c1,IC50,22.0,nM,7.66,,CHEMBL4679827,9,CHEMBL4531,CHEMBL4673398,8itz,P17931
CHEMBL4741028,CO[C@@H]1[C@@H](n2cc(-c3cc(F)c(F)c(F)c3)nn2)[C@@H](O)[C@@H](CO)O[C@H]1C(=O)N(C)c1ccc2ncsc2c1,IC50,22.0,nM,7.66,,CHEMBL4679827,9,CHEMBL4531,CHEMBL4673398,8itz,P17931
CHEMBL4297442,OC[C@H]1O[C@@H](S[C@@H]2O[C@H](CO)[C@H](O)[C@H](n3cc(-c4cccc(F)c4)nn3)[C@H]2O)[C@H](O)[C@@H](n2cc(-c3cccc(F)c3)nn2)[C@H]1O,IC50,10.0,nM,8.0,,CHEMBL5036763,9,CHEMBL4531,CHEMBL5036315,8itz,P17931
CHEMBL4297442,OC[C@H]1O[C@@H](S[C@@H]2O[C@H](CO)[C@H](O)[C@H](n3cc(-c4cccc(F)c4)nn3)[C@H]2O)[C@H](O)[C@@H](n2cc(-c3cccc(F)c3)nn2)[C@H]1O,IC50,10.0,nM,8.0,,CHEMBL5036763,9,CHEMBL4531,CHEMBL5036315,8itz,P17931
CHEMBL4297442,OC[C@H]1O[C@@H](S[C@@H]2O[C@H](CO)[C@H](O)[C@H](n3cc(-c4cccc(F)c4)nn3)[C@H]2O)[C@H](O)[C@@H](n2cc(-c3cccc(F)c3)nn2)[C@H]1O,IC50,10.0,nM,8.0,,CHEMBL5036763,9,CHEMBL4531,CHEMBL5036315,8itz,P17931
CHEMBL4297442,OC[C@H]1O[C@@H](S[C@@H]2O[C@H](CO)[C@H](O)[C@H](n3cc(-c4cccc(F)c4)nn3)[C@H]2O)[C@H](O)[C@@H](n2cc(-c3cccc(F)c3)nn2)[C@H]1O,IC50,10.0,nM,8.0,,CHEMBL5036763,9,CHEMBL4531,CHEMBL5036315,8itz,P17931
CHEMBL4297442,OC[C@H]1O[C@@H](S[C@@H]2O[C@H](CO)[C@H](O)[C@H](n3cc(-c4cccc(F)c4)nn3)[C@H]2O)[C@H](O)[C@@H](n2cc(-c3cccc(F)c3)nn2)[C@H]1O,IC50,10.0,nM,8.0,,CHEMBL5036763,9,CHEMBL4531,CHEMBL5036315,8itz,P17931
CHEMBL4297442,OC[C@H]1O[C@@H](S[C@@H]2O[C@H](CO)[C@H](O)[C@H](n3cc(-c4cccc(F)c4)nn3)[C@H]2O)[C@H](O)[C@@H](n2cc(-c3cccc(F)c3)nn2)[C@H]1O,IC50,10.0,nM,8.0,,CHEMBL5036763,9,CHEMBL4531,CHEMBL5036315,8itz,P17931
CHEMBL5093366,CO[C@@H]1[C@@H](n2cc(-c3cc(F)c(F)c(F)c3)nn2)[C@@H](O)[C@@H](CO)O[C@H]1S[C@@H]1COC[C@H](N=[N+]=[N-])[C@H]1O,IC50,352.0,nM,6.45,,CHEMBL5036763,9,CHEMBL4531,CHEMBL5036315,8itz,P17931
CHEMBL5091374,CO[C@@H]1[C@@H](n2cc(-c3cc(F)c(F)c(F)c3)nn2)[C@@H](O)[C@@H](CO)O[C@H]1S[C@@H]1COC[C@H](n2cc(-c3ccccc3)nn2)[C@H]1O,IC50,42.0,nM,7.38,,CHEMBL5036763,9,CHEMBL4531,CHEMBL5036315,8itz,P17931
CHEMBL5085357,CO[C@@H]1[C@@H](n2cc(-c3cc(F)c(F)c(F)c3)nn2)[C@@H](O)[C@@H](CO)O[C@H]1S[C@@H]1COC[C@H](n2cc(-c3cccc(F)c3)nn2)[C@H]1O,IC50,133.0,nM,6.88,,CHEMBL5036763,9,CHEMBL4531,CHEMBL5036315,8itz,P17931
CHEMBL5082395,CO[C@@H]1[C@@H](n2cc(-c3cc(F)c(F)c(F)c3)nn2)[C@@H](O)[C@@H](CO)O[C@H]1S[C@@H]1COC[C@H](n2cc(-c3cccc(Cl)c3)nn2)[C@H]1O,IC50,228.0,nM,6.64,,CHEMBL5036763,9,CHEMBL4531,CHEMBL5036315,8itz,P17931
CHEMBL5075373,CO[C@@H]1[C@@H](n2cc(-c3cc(F)c(F)c(F)c3)nn2)[C@@H](O)[C@@H](CO)O[C@H]1S[C@@H]1COC[C@H](n2cc(-c3cccc(C(F)F)c3)nn2)[C@H]1O,IC50,151.0,nM,6.82,,CHEMBL5036763,9,CHEMBL4531,CHEMBL5036315,8itz,P17931
CHEMBL5075159,CO[C@@H]1[C@@H](n2cc(-c3cc(F)c(F)c(F)c3)nn2)[C@@H](O)[C@@H](CO)O[C@H]1S[C@@H]1COC[C@H](n2cc(-c3cccc(OC(F)F)c3)nn2)[C@H]1O,IC50,158.0,nM,6.8,,CHEMBL5036763,9,CHEMBL4531,CHEMBL5036315,8itz,P17931
CHEMBL5093100,CO[C@@H]1[C@@H](n2cc(-c3cc(F)c(F)c(F)c3)nn2)[C@@H](O)[C@@H](CO)O[C@H]1S[C@@H]1COC[C@H](n2cc(-c3cccc(O)c3)nn2)[C@H]1O,IC50,36.0,nM,7.44,,CHEMBL5036763,9,CHEMBL4531,CHEMBL5036315,8itz,P17931
CHEMBL5086496,CO[C@@H]1[C@@H](n2cc(-c3cc(F)c(F)c(F)c3)nn2)[C@@H](O)[C@@H](CO)O[C@H]1S[C@@H]1COC[C@H](n2cc(-c3cccc(N)c3)nn2)[C@H]1O,IC50,31.0,nM,7.51,,CHEMBL5036763,9,CHEMBL4531,CHEMBL5036315,8itz,P17931
CHEMBL5081635,CO[C@@H]1[C@@H](n2cc(-c3cc(F)c(F)c(F)c3)nn2)[C@@H](O)[C@@H](CO)O[C@H]1S[C@@H]1COC[C@H](n2cc(-c3cccc(NC(C)=O)c3)nn2)[C@H]1O,IC50,26.0,nM,7.58,,CHEMBL5036763,9,CHEMBL4531,CHEMBL5036315,8itz,P17931
CHEMBL5076024,CO[C@@H]1[C@@H](n2cc(-c3cc(F)c(F)c(F)c3)nn2)[C@@H](O)[C@@H](CO)O[C@H]1S[C@@H]1COC[C@H](n2cc(-c3ccccn3)nn2)[C@H]1O,IC50,19.0,nM,7.72,,CHEMBL5036763,9,CHEMBL4531,CHEMBL5036315,8itz,P17931
CHEMBL5081775,CO[C@@H]1[C@@H](n2cc(-c3cc(F)c(F)c(F)c3)nn2)[C@@H](O)[C@@H](CO)O[C@H]1S[C@@H]1COC[C@H](n2cc(-c3ncccn3)nn2)[C@H]1O,IC50,23.0,nM,7.64,,CHEMBL5036763,9,CHEMBL4531,CHEMBL5036315,8itz,P17931
CHEMBL5091613,CO[C@@H]1[C@@H](n2cc(-c3cc(F)c(F)c(F)c3)nn2)[C@@H](O)[C@@H](CO)O[C@H]1S[C@@H]1COC[C@H](n2cc(-c3cncnc3)nn2)[C@H]1O,IC50,19.0,nM,7.72,,CHEMBL5036763,9,CHEMBL4531,CHEMBL5036315,8itz,P17931
CHEMBL5091613,CO[C@@H]1[C@@H](n2cc(-c3cc(F)c(F)c(F)c3)nn2)[C@@H](O)[C@@H](CO)O[C@H]1S[C@@H]1COC[C@H](n2cc(-c3cncnc3)nn2)[C@H]1O,IC50,19.0,nM,7.72,,CHEMBL5036763,9,CHEMBL4531,CHEMBL5036315,8itz,P17931
CHEMBL5087430,CO[C@@H]1[C@@H](n2cc(-c3cc(F)c(F)c(F)c3)nn2)[C@@H](O)[C@@H](CO)O[C@H]1S[C@@H]1COC[C@H](n2cc(-c3cnccn3)nn2)[C@H]1O,IC50,18.0,nM,7.75,,CHEMBL5036763,9,CHEMBL4531,CHEMBL5036315,8itz,P17931
CHEMBL5075458,COc1ccc(-c2cn([C@H]3COC[C@@H](S[C@@H]4O[C@H](CO)[C@H](O)[C@H](n5cc(-c6cc(F)c(F)c(F)c6)nn5)[C@H]4OC)[C@@H]3O)nn2)cn1,IC50,24.0,nM,7.62,,CHEMBL5036763,9,CHEMBL4531,CHEMBL5036315,8itz,P17931
CHEMBL5093408,COc1cnc(-c2cn([C@H]3COC[C@@H](S[C@@H]4O[C@H](CO)[C@H](O)[C@H](n5cc(-c6cc(F)c(F)c(F)c6)nn5)[C@H]4OC)[C@@H]3O)nn2)nc1,IC50,23.0,nM,7.64,,CHEMBL5036763,9,CHEMBL4531,CHEMBL5036315,8itz,P17931
CHEMBL5090468,COc1ncc(-c2cn([C@H]3COC[C@@H](S[C@@H]4O[C@H](CO)[C@H](O)[C@H](n5cc(-c6cc(F)c(F)c(F)c6)nn5)[C@H]4OC)[C@@H]3O)nn2)cn1,IC50,12.0,nM,7.92,,CHEMBL5036763,9,CHEMBL4531,CHEMBL5036315,8itz,P17931
CHEMBL5092373,CO[C@@H]1[C@@H](n2cc(-c3cc(F)c(F)c(F)c3)nn2)[C@@H](O)[C@@H](CO)O[C@H]1S[C@@H]1COC[C@H](n2cc(-c3ncc(F)cn3)nn2)[C@H]1O,IC50,19.0,nM,7.72,,CHEMBL5036763,9,CHEMBL4531,CHEMBL5036315,8itz,P17931
CHEMBL5069594,CO[C@@H]1[C@@H](n2cc(-c3cc(F)c(F)c(F)c3)nn2)[C@@H](O)[C@@H](CO)O[C@H]1S[C@@H]1COC[C@H](n2cc(-c3cnc(C(F)(F)F)nc3)nn2)[C@H]1O,IC50,46.0,nM,7.34,,CHEMBL5036763,9,CHEMBL4531,CHEMBL5036315,8itz,P17931
CHEMBL5093807,CO[C@@H]1[C@@H](n2cc(-c3cc(F)c(F)c(F)c3)nn2)[C@@H](O)[C@@H](CO)O[C@H]1S[C@@H]1COC[C@H](n2cc(-c3ccnc(Cl)c3)nn2)[C@H]1O,IC50,34.0,nM,7.47,,CHEMBL5036763,9,CHEMBL4531,CHEMBL5036315,8itz,P17931
CHEMBL5093414,COC(=O)c1cccc(-c2cn([C@H]3COC[C@@H](S[C@@H]4O[C@H](CO)[C@H](O)[C@H](n5cc(-c6cc(F)c(F)c(F)c6)nn5)[C@H]4OC)[C@@H]3O)nn2)n1,IC50,17.0,nM,7.77,,CHEMBL5036763,9,CHEMBL4531,CHEMBL5036315,8itz,P17931
CHEMBL5087660,CO[C@@H]1[C@@H](n2cc(-c3cc(F)c(F)c(F)c3)nn2)[C@@H](O)[C@@H](CO)O[C@H]1S[C@@H]1COC[C@H](n2cc(-c3nccc(N)n3)nn2)[C@H]1O,IC50,20.0,nM,7.7,,CHEMBL5036763,9,CHEMBL4531,CHEMBL5036315,8itz,P17931
CHEMBL5074202,CO[C@@H]1[C@@H](n2cc(-c3cc(F)c(F)c(F)c3)nn2)[C@@H](O)[C@@H](CO)O[C@H]1S[C@@H]1COC[C@H](n2cc(-c3nccc(NC(C)=O)n3)nn2)[C@H]1O,IC50,24.0,nM,7.62,,CHEMBL5036763,9,CHEMBL4531,CHEMBL5036315,8itz,P17931
CHEMBL5081052,CO[C@@H]1[C@@H](n2cc(-c3cc(F)c(F)c(F)c3)nn2)[C@@H](O)[C@@H](CO)O[C@H]1S[C@@H]1COC[C@H](n2cc(-c3nccs3)nn2)[C@H]1O,IC50,5.0,nM,8.3,,CHEMBL5036763,9,CHEMBL4531,CHEMBL5036315,8itz,P17931
CHEMBL5080579,CO[C@@H]1[C@@H](n2cc(-c3cc(F)c(F)c(F)c3)nn2)[C@@H](O)[C@@H](CO)O[C@H]1S[C@@H]1COC[C@H](n2cc(C3CCCCC3)nn2)[C@H]1O,IC50,54.0,nM,7.27,,CHEMBL5036763,9,CHEMBL4531,CHEMBL5036315,8itz,P17931
CHEMBL5076553,CO[C@@H]1[C@@H](n2cc(-c3cc(F)c(F)c(F)c3)nn2)[C@@H](O)[C@@H](CO)O[C@H]1S[C@@H]1COC[C@H](n2cc(C3CCOCC3)nn2)[C@H]1O,IC50,23.0,nM,7.64,,CHEMBL5036763,9,CHEMBL4531,CHEMBL5036315,8itz,P17931
CHEMBL5091691,CO[C@@H]1[C@@H](n2cc(-c3cccc(F)c3)nn2)[C@@H](O)[C@@H](CO)O[C@H]1S[C@@H]1COC[C@H](n2cc(-c3cccc(F)c3)nn2)[C@H]1O,IC50,205.0,nM,6.69,,CHEMBL5036763,9,CHEMBL4531,CHEMBL5036315,8itz,P17931
CHEMBL5080440,CO[C@@H]1[C@@H](n2cc(-c3cc(F)c(Cl)c(F)c3)nn2)[C@@H](O)[C@@H](CO)O[C@H]1S[C@@H]1COC[C@H](n2cc(-c3cncnc3)nn2)[C@H]1O,IC50,32.0,nM,7.5,,CHEMBL5036763,9,CHEMBL4531,CHEMBL5036315,8itz,P17931
CHEMBL5094706,CO[C@@H]1[C@@H](n2cc(-c3ccc(Br)c(F)c3)nn2)[C@@H](O)[C@@H](CO)O[C@H]1S[C@@H]1COC[C@H](n2cc(-c3cncnc3)nn2)[C@H]1O,IC50,108.2,nM,6.97,,CHEMBL5036763,9,CHEMBL4531,CHEMBL5036315,8itz,P17931
CHEMBL4297442,OC[C@H]1O[C@@H](S[C@@H]2O[C@H](CO)[C@H](O)[C@H](n3cc(-c4cccc(F)c4)nn3)[C@H]2O)[C@H](O)[C@@H](n2cc(-c3cccc(F)c3)nn2)[C@H]1O,IC50,80.0,nM,7.1,,CHEMBL5036776,9,CHEMBL4531,CHEMBL5036315,8itz,P17931
CHEMBL4297442,OC[C@H]1O[C@@H](S[C@@H]2O[C@H](CO)[C@H](O)[C@H](n3cc(-c4cccc(F)c4)nn3)[C@H]2O)[C@H](O)[C@@H](n2cc(-c3cccc(F)c3)nn2)[C@H]1O,IC50,80.0,nM,7.1,,CHEMBL5036776,9,CHEMBL4531,CHEMBL5036315,8itz,P17931
CHEMBL4297442,OC[C@H]1O[C@@H](S[C@@H]2O[C@H](CO)[C@H](O)[C@H](n3cc(-c4cccc(F)c4)nn3)[C@H]2O)[C@H](O)[C@@H](n2cc(-c3cccc(F)c3)nn2)[C@H]1O,IC50,80.0,nM,7.1,,CHEMBL5036776,9,CHEMBL4531,CHEMBL5036315,8itz,P17931
CHEMBL4297442,OC[C@H]1O[C@@H](S[C@@H]2O[C@H](CO)[C@H](O)[C@H](n3cc(-c4cccc(F)c4)nn3)[C@H]2O)[C@H](O)[C@@H](n2cc(-c3cccc(F)c3)nn2)[C@H]1O,IC50,80.0,nM,7.1,,CHEMBL5036776,9,CHEMBL4531,CHEMBL5036315,8itz,P17931
CHEMBL4297442,OC[C@H]1O[C@@H](S[C@@H]2O[C@H](CO)[C@H](O)[C@H](n3cc(-c4cccc(F)c4)nn3)[C@H]2O)[C@H](O)[C@@H](n2cc(-c3cccc(F)c3)nn2)[C@H]1O,IC50,80.0,nM,7.1,,CHEMBL5036776,9,CHEMBL4531,CHEMBL5036315,8itz,P17931
CHEMBL4297442,OC[C@H]1O[C@@H](S[C@@H]2O[C@H](CO)[C@H](O)[C@H](n3cc(-c4cccc(F)c4)nn3)[C@H]2O)[C@H](O)[C@@H](n2cc(-c3cccc(F)c3)nn2)[C@H]1O,IC50,80.0,nM,7.1,,CHEMBL5036776,9,CHEMBL4531,CHEMBL5036315,8itz,P17931
CHEMBL5091613,CO[C@@H]1[C@@H](n2cc(-c3cc(F)c(F)c(F)c3)nn2)[C@@H](O)[C@@H](CO)O[C@H]1S[C@@H]1COC[C@H](n2cc(-c3cncnc3)nn2)[C@H]1O,IC50,64.3,nM,7.19,,CHEMBL5036776,9,CHEMBL4531,CHEMBL5036315,8itz,P17931
CHEMBL5091613,CO[C@@H]1[C@@H](n2cc(-c3cc(F)c(F)c(F)c3)nn2)[C@@H](O)[C@@H](CO)O[C@H]1S[C@@H]1COC[C@H](n2cc(-c3cncnc3)nn2)[C@H]1O,IC50,64.3,nM,7.19,,CHEMBL5036776,9,CHEMBL4531,CHEMBL5036315,8itz,P17931
CHEMBL5200890,OC[C@H]1O[C@@H](n2nncc2-c2ccc(Cl)c(Cl)c2)[C@H](O)[C@@H](n2cc(-c3cc(F)c(F)c(F)c3)nn2)[C@H]1O,IC50,256.0,nM,6.59,,CHEMBL5126288,9,CHEMBL4531,CHEMBL5120969,8itz,P17931
CHEMBL5200890,OC[C@H]1O[C@@H](n2nncc2-c2ccc(Cl)c(Cl)c2)[C@H](O)[C@@H](n2cc(-c3cc(F)c(F)c(F)c3)nn2)[C@H]1O,IC50,256.0,nM,6.59,,CHEMBL5126288,9,CHEMBL4531,CHEMBL5120969,8itz,P17931
CHEMBL5207395,OC[C@H]1O[C@@H](n2nncc2-c2cccc(Cl)c2)[C@H](O)[C@@H](n2cc(-c3cc(F)c(F)c(F)c3)nn2)[C@H]1O,IC50,306.0,nM,6.51,,CHEMBL5126288,9,CHEMBL4531,CHEMBL5120969,8itz,P17931
CHEMBL5183613,OC[C@H]1O[C@@H](c2nncn2-c2cccc(Cl)c2)[C@H](O)[C@@H](n2cc(-c3cc(F)c(F)c(F)c3)nn2)[C@H]1O,IC50,73.0,nM,7.14,,CHEMBL5126288,9,CHEMBL4531,CHEMBL5120969,8itz,P17931
CHEMBL5191817,OC[C@H]1O[C@@H](c2ncnn2-c2cccc(Cl)c2)[C@H](O)[C@@H](n2cc(-c3cc(F)c(F)c(F)c3)nn2)[C@H]1O,IC50,111.0,nM,6.96,,CHEMBL5126288,9,CHEMBL4531,CHEMBL5120969,8itz,P17931
CHEMBL5191817,OC[C@H]1O[C@@H](c2ncnn2-c2cccc(Cl)c2)[C@H](O)[C@@H](n2cc(-c3cc(F)c(F)c(F)c3)nn2)[C@H]1O,IC50,111.0,nM,6.96,,CHEMBL5126288,9,CHEMBL4531,CHEMBL5120969,8itz,P17931
CHEMBL5182184,Cc1nc([C@@H]2O[C@H](CO)[C@H](O)[C@H](n3cc(-c4cc(F)c(F)c(F)c4)nn3)[C@H]2O)n(-c2cccc(Cl)c2)n1,IC50,252.0,nM,6.6,,CHEMBL5126288,9,CHEMBL4531,CHEMBL5120969,8itz,P17931
CHEMBL5171034,Cc1nc([C@@H]2O[C@H](CO)[C@H](O)[C@H](n3cc(-c4cc(F)c(F)c(F)c4)nn3)[C@H]2O)n(-c2cccc(Cl)c2Cl)n1,IC50,287.0,nM,6.54,,CHEMBL5126288,9,CHEMBL4531,CHEMBL5120969,8itz,P17931
CHEMBL5205178,Cc1nc([C@@H]2O[C@H](CO)[C@H](O)[C@H](n3cc(-c4cc(F)c(F)c(F)c4)nn3)[C@H]2O)n(-c2cc(Cl)cc(Cl)c2)n1,IC50,73.0,nM,7.14,,CHEMBL5126288,9,CHEMBL4531,CHEMBL5120969,8itz,P17931
CHEMBL5205178,Cc1nc([C@@H]2O[C@H](CO)[C@H](O)[C@H](n3cc(-c4cc(F)c(F)c(F)c4)nn3)[C@H]2O)n(-c2cc(Cl)cc(Cl)c2)n1,IC50,73.0,nM,7.14,,CHEMBL5126288,9,CHEMBL4531,CHEMBL5120969,8itz,P17931
CHEMBL5192669,Cc1nc([C@@H]2O[C@H](CO)[C@H](O)[C@H](n3cc(-c4cc(F)c(F)c(F)c4)nn3)[C@H]2O)n(-c2ccc(Cl)c(Cl)c2)n1,IC50,110.0,nM,6.96,,CHEMBL5126288,9,CHEMBL4531,CHEMBL5120969,8itz,P17931
CHEMBL5192669,Cc1nc([C@@H]2O[C@H](CO)[C@H](O)[C@H](n3cc(-c4cc(F)c(F)c(F)c4)nn3)[C@H]2O)n(-c2ccc(Cl)c(Cl)c2)n1,IC50,110.0,nM,6.96,,CHEMBL5126288,9,CHEMBL4531,CHEMBL5120969,8itz,P17931
CHEMBL5177060,Cc1nc([C@@H]2O[C@H](CO)[C@H](O)[C@H](n3cc(-c4cc(F)c(F)c(F)c4)nn3)[C@H]2O)n(-c2cc(Cl)ccc2Cl)n1,IC50,39.0,nM,7.41,,CHEMBL5126288,9,CHEMBL4531,CHEMBL5120969,8itz,P17931
CHEMBL5177060,Cc1nc([C@@H]2O[C@H](CO)[C@H](O)[C@H](n3cc(-c4cc(F)c(F)c(F)c4)nn3)[C@H]2O)n(-c2cc(Cl)ccc2Cl)n1,IC50,39.0,nM,7.41,,CHEMBL5126288,9,CHEMBL4531,CHEMBL5120969,8itz,P17931
CHEMBL5179182,Cc1nc([C@@H]2O[C@H](CO)[C@H](O)[C@H](n3cc(-c4cc(F)c(F)c(F)c4)nn3)[C@H]2O)n(-c2cc(Cl)ccc2F)n1,IC50,65.0,nM,7.19,,CHEMBL5126288,9,CHEMBL4531,CHEMBL5120969,8itz,P17931
CHEMBL5179182,Cc1nc([C@@H]2O[C@H](CO)[C@H](O)[C@H](n3cc(-c4cc(F)c(F)c(F)c4)nn3)[C@H]2O)n(-c2cc(Cl)ccc2F)n1,IC50,65.0,nM,7.19,,CHEMBL5126288,9,CHEMBL4531,CHEMBL5120969,8itz,P17931
CHEMBL5169841,COc1ccc(Cl)cc1-n1nc(C)nc1[C@@H]1O[C@H](CO)[C@H](O)[C@H](n2cc(-c3cc(F)c(F)c(F)c3)nn2)[C@H]1O,IC50,62.0,nM,7.21,,CHEMBL5126288,9,CHEMBL4531,CHEMBL5120969,8itz,P17931
CHEMBL5169841,COc1ccc(Cl)cc1-n1nc(C)nc1[C@@H]1O[C@H](CO)[C@H](O)[C@H](n2cc(-c3cc(F)c(F)c(F)c3)nn2)[C@H]1O,IC50,62.0,nM,7.21,,CHEMBL5126288,9,CHEMBL4531,CHEMBL5120969,8itz,P17931
CHEMBL5187047,Cc1nc([C@@H]2O[C@H](CO)[C@H](O)[C@H](n3cc(-c4cc(F)c(F)c(F)c4)nn3)[C@H]2O)n(-c2cc(Cl)ccc2C)n1,IC50,30.0,nM,7.52,,CHEMBL5126288,9,CHEMBL4531,CHEMBL5120969,8itz,P17931
CHEMBL5187047,Cc1nc([C@@H]2O[C@H](CO)[C@H](O)[C@H](n3cc(-c4cc(F)c(F)c(F)c4)nn3)[C@H]2O)n(-c2cc(Cl)ccc2C)n1,IC50,30.0,nM,7.52,,CHEMBL5126288,9,CHEMBL4531,CHEMBL5120969,8itz,P17931
CHEMBL5193419,Cc1nc([C@@H]2O[C@H](CO)[C@H](O)[C@H](n3cc(-c4cc(F)c(F)c(F)c4)nn3)[C@H]2O)n(-c2cc(Cl)ccc2Br)n1,IC50,26.0,nM,7.58,,CHEMBL5126288,9,CHEMBL4531,CHEMBL5120969,8itz,P17931
CHEMBL5193419,Cc1nc([C@@H]2O[C@H](CO)[C@H](O)[C@H](n3cc(-c4cc(F)c(F)c(F)c4)nn3)[C@H]2O)n(-c2cc(Cl)ccc2Br)n1,IC50,26.0,nM,7.58,,CHEMBL5126288,9,CHEMBL4531,CHEMBL5120969,8itz,P17931
CHEMBL5178581,Cc1nc([C@@H]2O[C@H](CO)[C@H](O)[C@H](n3cc(-c4cc(F)c(F)c(F)c4)nn3)[C@H]2O)n(-c2cc(Cl)ccc2C(F)(F)F)n1,IC50,22.0,nM,7.66,,CHEMBL5126288,9,CHEMBL4531,CHEMBL5120969,8itz,P17931
CHEMBL5178581,Cc1nc([C@@H]2O[C@H](CO)[C@H](O)[C@H](n3cc(-c4cc(F)c(F)c(F)c4)nn3)[C@H]2O)n(-c2cc(Cl)ccc2C(F)(F)F)n1,IC50,22.0,nM,7.66,,CHEMBL5126288,9,CHEMBL4531,CHEMBL5120969,8itz,P17931
CHEMBL5206873,Cc1nc([C@@H]2O[C@H](CO)[C@H](O)[C@H](n3cc(-c4cc(F)c(Cl)c(F)c4)nn3)[C@H]2O)n(-c2cc(Cl)ccc2C(F)(F)F)n1,IC50,19.0,nM,7.72,,CHEMBL5126288,9,CHEMBL4531,CHEMBL5120969,8itz,P17931
CHEMBL5206873,Cc1nc([C@@H]2O[C@H](CO)[C@H](O)[C@H](n3cc(-c4cc(F)c(Cl)c(F)c4)nn3)[C@H]2O)n(-c2cc(Cl)ccc2C(F)(F)F)n1,IC50,19.0,nM,7.72,,CHEMBL5126288,9,CHEMBL4531,CHEMBL5120969,8itz,P17931
CHEMBL5182045,Cc1nc([C@@H]2O[C@H](CO)[C@H](O)[C@H](n3cc(-c4cc(F)c(Br)c(F)c4)nn3)[C@H]2O)n(-c2cc(Cl)ccc2C(F)(F)F)n1,IC50,32.0,nM,7.5,,CHEMBL5126288,9,CHEMBL4531,CHEMBL5120969,8itz,P17931
CHEMBL5182045,Cc1nc([C@@H]2O[C@H](CO)[C@H](O)[C@H](n3cc(-c4cc(F)c(Br)c(F)c4)nn3)[C@H]2O)n(-c2cc(Cl)ccc2C(F)(F)F)n1,IC50,32.0,nM,7.5,,CHEMBL5126288,9,CHEMBL4531,CHEMBL5120969,8itz,P17931
CHEMBL5176156,Cc1nc([C@@H]2O[C@H](CO)[C@H](O)[C@H](n3cc(-c4ccc(Cl)c(F)c4)nn3)[C@H]2O)n(-c2cc(Cl)ccc2C(F)(F)F)n1,IC50,15.0,nM,7.82,,CHEMBL5126288,9,CHEMBL4531,CHEMBL5120969,8itz,P17931
CHEMBL5176156,Cc1nc([C@@H]2O[C@H](CO)[C@H](O)[C@H](n3cc(-c4ccc(Cl)c(F)c4)nn3)[C@H]2O)n(-c2cc(Cl)ccc2C(F)(F)F)n1,IC50,15.0,nM,7.82,,CHEMBL5126288,9,CHEMBL4531,CHEMBL5120969,8itz,P17931
CHEMBL5204125,Cc1nc([C@@H]2O[C@H](CO)[C@H](O)[C@H](n3cc(-c4ccc(Br)c(F)c4)nn3)[C@H]2O)n(-c2cc(Cl)ccc2C(F)(F)F)n1,IC50,34.0,nM,7.47,,CHEMBL5126288,9,CHEMBL4531,CHEMBL5120969,8itz,P17931
CHEMBL5204125,Cc1nc([C@@H]2O[C@H](CO)[C@H](O)[C@H](n3cc(-c4ccc(Br)c(F)c4)nn3)[C@H]2O)n(-c2cc(Cl)ccc2C(F)(F)F)n1,IC50,34.0,nM,7.47,,CHEMBL5126288,9,CHEMBL4531,CHEMBL5120969,8itz,P17931
CHEMBL5180836,Cc1nc([C@@H]2O[C@H](CO)[C@H](O)[C@H](n3cc(-c4cc(F)c(F)c(Cl)c4)nn3)[C@H]2O)n(-c2cc(Cl)ccc2C(F)(F)F)n1,IC50,21.0,nM,7.68,,CHEMBL5126288,9,CHEMBL4531,CHEMBL5120969,8itz,P17931
CHEMBL5180836,Cc1nc([C@@H]2O[C@H](CO)[C@H](O)[C@H](n3cc(-c4cc(F)c(F)c(Cl)c4)nn3)[C@H]2O)n(-c2cc(Cl)ccc2C(F)(F)F)n1,IC50,21.0,nM,7.68,,CHEMBL5126288,9,CHEMBL4531,CHEMBL5120969,8itz,P17931
CHEMBL5186112,Cc1nc([C@@H]2O[C@H](CO)[C@H](O)[C@H](n3cc(-c4cc(F)c5ccccc5c4)nn3)[C@H]2O)n(-c2cc(Cl)ccc2C(F)(F)F)n1,IC50,32.0,nM,7.5,,CHEMBL5126288,9,CHEMBL4531,CHEMBL5120969,8itz,P17931
CHEMBL5186112,Cc1nc([C@@H]2O[C@H](CO)[C@H](O)[C@H](n3cc(-c4cc(F)c5ccccc5c4)nn3)[C@H]2O)n(-c2cc(Cl)ccc2C(F)(F)F)n1,IC50,32.0,nM,7.5,,CHEMBL5126288,9,CHEMBL4531,CHEMBL5120969,8itz,P17931
CHEMBL5204834,Cc1nc([C@@H]2O[C@H](CO)[C@H](O)[C@H](n3cc(-c4ccc(Cl)c(F)c4F)nn3)[C@H]2O)n(-c2cc(Cl)ccc2C(F)(F)F)n1,IC50,9.7,nM,8.01,,CHEMBL5126288,9,CHEMBL4531,CHEMBL5120969,8itz,P17931
CHEMBL5204834,Cc1nc([C@@H]2O[C@H](CO)[C@H](O)[C@H](n3cc(-c4ccc(Cl)c(F)c4F)nn3)[C@H]2O)n(-c2cc(Cl)ccc2C(F)(F)F)n1,IC50,9.7,nM,8.01,,CHEMBL5126288,9,CHEMBL4531,CHEMBL5120969,8itz,P17931
CHEMBL5181786,Cc1nc([C@@H]2O[C@H](CO)[C@H](O)[C@H](n3cc(-c4ccc(Br)c(F)c4F)nn3)[C@H]2O)n(-c2cc(Cl)ccc2C(F)(F)F)n1,IC50,6.9,nM,8.16,,CHEMBL5126288,9,CHEMBL4531,CHEMBL5120969,8itz,P17931
CHEMBL5181786,Cc1nc([C@@H]2O[C@H](CO)[C@H](O)[C@H](n3cc(-c4ccc(Br)c(F)c4F)nn3)[C@H]2O)n(-c2cc(Cl)ccc2C(F)(F)F)n1,IC50,6.9,nM,8.16,,CHEMBL5126288,9,CHEMBL4531,CHEMBL5120969,8itz,P17931
CHEMBL5432398,CO[C@@H]1[C@@H](n2cc(-c3ccc(Cl)c(F)c3F)nn2)[C@@H](O)[C@@H](CO)O[C@H]1c1nc(C)nn1-c1ccc2ncsc2c1,IC50,11.0,nM,7.96,,CHEMBL5337686,9,CHEMBL4531,CHEMBL5335822,8itz,P17931
CHEMBL4754458,CO[C@@H]1[C@@H](n2cc(-c3ccc(Cl)c(F)c3F)nn2)[C@@H](O)[C@@H](CO)O[C@H]1C(=O)N(C)c1ccc2ncsc2c1,IC50,21.0,nM,7.68,,CHEMBL5337686,9,CHEMBL4531,CHEMBL5335822,8itz,P17931
CHEMBL4754458,CO[C@@H]1[C@@H](n2cc(-c3ccc(Cl)c(F)c3F)nn2)[C@@H](O)[C@@H](CO)O[C@H]1C(=O)N(C)c1ccc2ncsc2c1,IC50,21.0,nM,7.68,,CHEMBL5337686,9,CHEMBL4531,CHEMBL5335822,8itz,P17931
CHEMBL5191817,OC[C@H]1O[C@@H](c2ncnn2-c2cccc(Cl)c2)[C@H](O)[C@@H](n2cc(-c3cc(F)c(F)c(F)c3)nn2)[C@H]1O,IC50,111.0,nM,6.96,,CHEMBL5337686,9,CHEMBL4531,CHEMBL5335822,8itz,P17931
CHEMBL5191817,OC[C@H]1O[C@@H](c2ncnn2-c2cccc(Cl)c2)[C@H](O)[C@@H](n2cc(-c3cc(F)c(F)c(F)c3)nn2)[C@H]1O,IC50,111.0,nM,6.96,,CHEMBL5337686,9,CHEMBL4531,CHEMBL5335822,8itz,P17931
CHEMBL5405455,OC[C@H]1O[C@@H](c2ncnn2-c2ccc3ncsc3c2)[C@H](O)[C@@H](n2cc(-c3cc(F)c(F)c(F)c3)nn2)[C@H]1O,IC50,37.0,nM,7.43,,CHEMBL5337686,9,CHEMBL4531,CHEMBL5335822,8itz,P17931
CHEMBL5405455,OC[C@H]1O[C@@H](c2ncnn2-c2ccc3ncsc3c2)[C@H](O)[C@@H](n2cc(-c3cc(F)c(F)c(F)c3)nn2)[C@H]1O,IC50,37.0,nM,7.43,,CHEMBL5337686,9,CHEMBL4531,CHEMBL5335822,8itz,P17931
CHEMBL5406348,Cc1nc([C@@H]2O[C@H](CO)[C@H](O)[C@H](n3cc(-c4cc(F)c(F)c(F)c4)nn3)[C@H]2O)n(-c2ccc3ncsc3c2)n1,IC50,28.0,nM,7.55,,CHEMBL5337686,9,CHEMBL4531,CHEMBL5335822,8itz,P17931
CHEMBL5401469,Cc1nc2ccc(-n3ncnc3[C@@H]3O[C@H](CO)[C@H](O)[C@H](n4cc(-c5cc(F)c(F)c(F)c5)nn4)[C@H]3O)cc2s1,IC50,63.0,nM,7.2,,CHEMBL5337686,9,CHEMBL4531,CHEMBL5335822,8itz,P17931
CHEMBL5401469,Cc1nc2ccc(-n3ncnc3[C@@H]3O[C@H](CO)[C@H](O)[C@H](n4cc(-c5cc(F)c(F)c(F)c5)nn4)[C@H]3O)cc2s1,IC50,63.0,nM,7.2,,CHEMBL5337686,9,CHEMBL4531,CHEMBL5335822,8itz,P17931
CHEMBL5440588,Cc1nc2cc(Cl)c(-n3ncnc3[C@@H]3O[C@H](CO)[C@H](O)[C@H](n4cc(-c5cc(F)c(F)c(F)c5)nn4)[C@H]3O)cc2s1,IC50,71.0,nM,7.15,,CHEMBL5337686,9,CHEMBL4531,CHEMBL5335822,8itz,P17931
CHEMBL5440588,Cc1nc2cc(Cl)c(-n3ncnc3[C@@H]3O[C@H](CO)[C@H](O)[C@H](n4cc(-c5cc(F)c(F)c(F)c5)nn4)[C@H]3O)cc2s1,IC50,71.0,nM,7.15,,CHEMBL5337686,9,CHEMBL4531,CHEMBL5335822,8itz,P17931
CHEMBL5408899,Cc1nc2cc(C)c(-n3ncnc3[C@@H]3O[C@H](CO)[C@H](O)[C@H](n4cc(-c5cc(F)c(F)c(F)c5)nn4)[C@H]3O)cc2s1,IC50,52.0,nM,7.28,,CHEMBL5337686,9,CHEMBL4531,CHEMBL5335822,8itz,P17931
CHEMBL5408899,Cc1nc2cc(C)c(-n3ncnc3[C@@H]3O[C@H](CO)[C@H](O)[C@H](n4cc(-c5cc(F)c(F)c(F)c5)nn4)[C@H]3O)cc2s1,IC50,52.0,nM,7.28,,CHEMBL5337686,9,CHEMBL4531,CHEMBL5335822,8itz,P17931
CHEMBL5426765,Cc1nc([C@@H]2O[C@H](CO)[C@H](O)[C@H](n3cc(-c4cc(F)c(Cl)c(F)c4)nn3)[C@H]2O)n(-c2ccc3ncsc3c2)n1,IC50,18.0,nM,7.75,,CHEMBL5337686,9,CHEMBL4531,CHEMBL5335822,8itz,P17931
CHEMBL5429227,Cc1nc([C@@H]2O[C@H](CO)[C@H](O)[C@H](n3cc(-c4cc(F)c(Br)c(F)c4)nn3)[C@H]2O)n(-c2ccc3ncsc3c2)n1,IC50,27.0,nM,7.57,,CHEMBL5337686,9,CHEMBL4531,CHEMBL5335822,8itz,P17931
CHEMBL5429227,Cc1nc([C@@H]2O[C@H](CO)[C@H](O)[C@H](n3cc(-c4cc(F)c(Br)c(F)c4)nn3)[C@H]2O)n(-c2ccc3ncsc3c2)n1,IC50,27.0,nM,7.57,,CHEMBL5337686,9,CHEMBL4531,CHEMBL5335822,8itz,P17931
CHEMBL5413355,Cc1nc([C@@H]2O[C@H](CO)[C@H](O)[C@H](n3cc(-c4cc(F)c5ccccc5c4)nn3)[C@H]2O)n(-c2ccc3ncsc3c2)n1,IC50,22.0,nM,7.66,,CHEMBL5337686,9,CHEMBL4531,CHEMBL5335822,8itz,P17931
CHEMBL5413355,Cc1nc([C@@H]2O[C@H](CO)[C@H](O)[C@H](n3cc(-c4cc(F)c5ccccc5c4)nn3)[C@H]2O)n(-c2ccc3ncsc3c2)n1,IC50,22.0,nM,7.66,,CHEMBL5337686,9,CHEMBL4531,CHEMBL5335822,8itz,P17931
CHEMBL5435736,Cc1nc([C@@H]2O[C@H](CO)[C@H](O)[C@H](n3cc(-c4ccc(Cl)c(F)c4F)nn3)[C@H]2O)n(-c2ccc3ncsc3c2)n1,IC50,8.8,nM,8.06,,CHEMBL5337686,9,CHEMBL4531,CHEMBL5335822,8itz,P17931
CHEMBL5410487,Cc1nc([C@@H]2O[C@H](CO)[C@H](O)[C@H](n3cc(-c4ccc(Br)c(F)c4F)nn3)[C@H]2O)n(-c2ccc3ncsc3c2)n1,IC50,7.2,nM,8.14,,CHEMBL5337686,9,CHEMBL4531,CHEMBL5335822,8itz,P17931
CHEMBL5431538,CO[C@@H]1[C@@H](n2cc(-c3cc(F)c(Cl)c(F)c3)nn2)[C@@H](O)[C@@H](CO)O[C@H]1c1nc(C)nn1-c1ccc2ncsc2c1,IC50,20.0,nM,7.7,,CHEMBL5337686,9,CHEMBL4531,CHEMBL5335822,8itz,P17931
CHEMBL5398276,CO[C@@H]1[C@@H](n2cc(-c3cc(F)c(Br)c(F)c3)nn2)[C@@H](O)[C@@H](CO)O[C@H]1c1nc(C)nn1-c1ccc2ncsc2c1,IC50,30.0,nM,7.52,,CHEMBL5337686,9,CHEMBL4531,CHEMBL5335822,8itz,P17931
CHEMBL5410396,CO[C@@H]1[C@@H](n2cc(-c3ccc(Br)c(F)c3F)nn2)[C@@H](O)[C@@H](CO)O[C@H]1c1nc(C)nn1-c1ccc2ncsc2c1,IC50,13.0,nM,7.89,,CHEMBL5337686,9,CHEMBL4531,CHEMBL5335822,8itz,P17931
CHEMBL5416055,Cc1nc2ccc(N(C)C(=O)[C@@H]3O[C@H](CO)[C@H](O)[C@H](n4cc(-c5cc(F)c(F)c(F)c5)nn4)[C@H]3O)cc2s1,IC50,109.0,nM,6.96,,CHEMBL5337686,9,CHEMBL4531,CHEMBL5335822,8itz,P17931
CHEMBL5417046,CO[C@@H]1[C@@H](n2cc(-c3cc(F)c(F)c(F)c3)nn2)[C@@H](O)[C@@H](CO)O[C@H]1C(=O)N(C)c1ccc2nc(C)sc2c1,IC50,87.0,nM,7.06,,CHEMBL5337686,9,CHEMBL4531,CHEMBL5335822,8itz,P17931
CHEMBL4741028,CO[C@@H]1[C@@H](n2cc(-c3cc(F)c(F)c(F)c3)nn2)[C@@H](O)[C@@H](CO)O[C@H]1C(=O)N(C)c1ccc2ncsc2c1,IC50,22.0,nM,7.66,,CHEMBL5337686,9,CHEMBL4531,CHEMBL5335822,8itz,P17931
CHEMBL4741028,CO[C@@H]1[C@@H](n2cc(-c3cc(F)c(F)c(F)c3)nn2)[C@@H](O)[C@@H](CO)O[C@H]1C(=O)N(C)c1ccc2ncsc2c1,IC50,22.0,nM,7.66,,CHEMBL5337686,9,CHEMBL4531,CHEMBL5335822,8itz,P17931
CHEMBL5402993,CO[C@@H]1[C@@H](n2cc(-c3cc(F)c(Cl)c(F)c3)nn2)[C@@H](O)[C@@H](CO)O[C@H]1C(=O)N(C)c1ccc2ncsc2c1,IC50,33.0,nM,7.48,,CHEMBL5337686,9,CHEMBL4531,CHEMBL5335822,8itz,P17931
CHEMBL5424960,CO[C@@H]1[C@@H](n2cc(-c3cc(F)c(Br)c(F)c3)nn2)[C@@H](O)[C@@H](CO)O[C@H]1C(=O)N(C)c1ccc2ncsc2c1,IC50,40.0,nM,7.4,,CHEMBL5337686,9,CHEMBL4531,CHEMBL5335822,8itz,P17931
CHEMBL4759243,CO[C@@H]1[C@@H](n2cc(-c3ccc(Br)c(F)c3F)nn2)[C@@H](O)[C@@H](CO)O[C@H]1C(=O)N(C)c1ccc2ncsc2c1,IC50,14.0,nM,7.85,,CHEMBL5337686,9,CHEMBL4531,CHEMBL5335822,8itz,P17931
CHEMBL4759243,CO[C@@H]1[C@@H](n2cc(-c3ccc(Br)c(F)c3F)nn2)[C@@H](O)[C@@H](CO)O[C@H]1C(=O)N(C)c1ccc2ncsc2c1,IC50,14.0,nM,7.85,,CHEMBL5337686,9,CHEMBL4531,CHEMBL5335822,8itz,P17931
CHEMBL5413107,CO[C@@H]1[C@@H](n2cc(-c3cc(F)c(Cl)c(F)c3)nn2)[C@@H](O)[C@@H](CO)O[C@H]1C(=O)Nc1ccc2ncsc2c1,IC50,10000.0,nM,,,CHEMBL5337686,9,CHEMBL4531,CHEMBL5335822,8itz,P17931
CHEMBL5427958,CCN(C(=O)[C@@H]1O[C@H](CO)[C@H](O)[C@H](n2cc(-c3cc(F)c(Cl)c(F)c3)nn2)[C@H]1OC)c1ccc2ncsc2c1,IC50,56.0,nM,7.25,,CHEMBL5337686,9,CHEMBL4531,CHEMBL5335822,8itz,P17931
CHEMBL5206873,Cc1nc([C@@H]2O[C@H](CO)[C@H](O)[C@H](n3cc(-c4cc(F)c(Cl)c(F)c4)nn3)[C@H]2O)n(-c2cc(Cl)ccc2C(F)(F)F)n1,IC50,19.0,nM,7.72,,CHEMBL5578473,9,CHEMBL4531,CHEMBL5576131,8itz,P17931
CHEMBL5206873,Cc1nc([C@@H]2O[C@H](CO)[C@H](O)[C@H](n3cc(-c4cc(F)c(Cl)c(F)c4)nn3)[C@H]2O)n(-c2cc(Cl)ccc2C(F)(F)F)n1,IC50,19.0,nM,7.72,,CHEMBL5578473,9,CHEMBL4531,CHEMBL5576131,8itz,P17931
CHEMBL5591252,Cc1nnc([C@@H]2O[C@H](CO)[C@H](O)[C@H](n3cc(-c4cc(F)c(Cl)c(F)c4)nn3)[C@H]2O)n1-c1cc(Cl)ccc1C(F)(F)F,IC50,12.0,nM,7.92,,CHEMBL5578473,9,CHEMBL4531,CHEMBL5576131,8itz,P17931
CHEMBL5591252,Cc1nnc([C@@H]2O[C@H](CO)[C@H](O)[C@H](n3cc(-c4cc(F)c(Cl)c(F)c4)nn3)[C@H]2O)n1-c1cc(Cl)ccc1C(F)(F)F,IC50,12.0,nM,7.92,,CHEMBL5578473,9,CHEMBL4531,CHEMBL5576131,8itz,P17931
CHEMBL5591252,Cc1nnc([C@@H]2O[C@H](CO)[C@H](O)[C@H](n3cc(-c4cc(F)c(Cl)c(F)c4)nn3)[C@H]2O)n1-c1cc(Cl)ccc1C(F)(F)F,IC50,12.0,nM,7.92,,CHEMBL5578473,9,CHEMBL4531,CHEMBL5576131,8itz,P17931
CHEMBL5591252,Cc1nnc([C@@H]2O[C@H](CO)[C@H](O)[C@H](n3cc(-c4cc(F)c(Cl)c(F)c4)nn3)[C@H]2O)n1-c1cc(Cl)ccc1C(F)(F)F,IC50,1300.0,nM,5.89,,CHEMBL5578473,9,CHEMBL4531,CHEMBL5576131,8itz,P17931
CHEMBL5591252,Cc1nnc([C@@H]2O[C@H](CO)[C@H](O)[C@H](n3cc(-c4cc(F)c(Cl)c(F)c4)nn3)[C@H]2O)n1-c1cc(Cl)ccc1C(F)(F)F,IC50,1300.0,nM,5.89,,CHEMBL5578473,9,CHEMBL4531,CHEMBL5576131,8itz,P17931
CHEMBL5591252,Cc1nnc([C@@H]2O[C@H](CO)[C@H](O)[C@H](n3cc(-c4cc(F)c(Cl)c(F)c4)nn3)[C@H]2O)n1-c1cc(Cl)ccc1C(F)(F)F,IC50,1300.0,nM,5.89,,CHEMBL5578473,9,CHEMBL4531,CHEMBL5576131,8itz,P17931
CHEMBL5592411,OC[C@H]1O[C@@H](c2nncn2-c2cc(Cl)ccc2Cl)[C@H](O)[C@@H](n2cc(-c3cc(F)c(Cl)c(F)c3)nn2)[C@H]1O,IC50,44.0,nM,7.36,,CHEMBL5578473,9,CHEMBL4531,CHEMBL5576131,8itz,P17931
CHEMBL5593260,OC[C@H]1O[C@@H](c2nncn2-c2cc(Cl)ccc2C(F)(F)F)[C@H](O)[C@@H](n2cc(-c3ccc(Cl)c(F)c3)nn2)[C@H]1O,IC50,20.0,nM,7.7,,CHEMBL5578473,9,CHEMBL4531,CHEMBL5576131,8itz,P17931
CHEMBL5593260,OC[C@H]1O[C@@H](c2nncn2-c2cc(Cl)ccc2C(F)(F)F)[C@H](O)[C@@H](n2cc(-c3ccc(Cl)c(F)c3)nn2)[C@H]1O,IC50,20.0,nM,7.7,,CHEMBL5578473,9,CHEMBL4531,CHEMBL5576131,8itz,P17931
CHEMBL5591451,OC[C@H]1O[C@@H](c2nncn2-c2cc(Cl)ccc2C(F)(F)F)[C@H](O)[C@@H](n2cc(-c3ccc(Br)c(F)c3F)nn2)[C@H]1O,IC50,10.0,nM,8.0,,CHEMBL5578473,9,CHEMBL4531,CHEMBL5576131,8itz,P17931
CHEMBL5594209,CO[C@@H]1[C@@H](n2cc(-c3ccc(Br)c(F)c3)nn2)[C@@H](O)[C@@H](CO)O[C@H]1c1nncn1-c1cc(Cl)ccc1C(F)(F)F,IC50,22.0,nM,7.66,,CHEMBL5578473,9,CHEMBL4531,CHEMBL5576131,8itz,P17931
CHEMBL5592031,CO[C@@H]1[C@@H](n2cc(-c3ccc(Br)c(F)c3F)nn2)[C@@H](O)[C@@H](CO)O[C@H]1c1nncn1-c1cc(Cl)ccc1C(F)(F)F,IC50,9.0,nM,8.05,,CHEMBL5578473,9,CHEMBL4531,CHEMBL5576131,8itz,P17931
CHEMBL5590737,OC[C@H]1O[C@@H](c2nncn2-c2cc(Cl)ccc2OC(F)(F)F)[C@H](O)[C@@H](n2cc(-c3ccc(Br)c(F)c3F)nn2)[C@H]1O,IC50,11.0,nM,7.96,,CHEMBL5578473,9,CHEMBL4531,CHEMBL5576131,8itz,P17931
CHEMBL5593257,OC[C@H]1O[C@@H](c2nncn2-c2cc(Cl)ccc2OC(F)(F)F)[C@H](O)[C@@H](n2cc(-c3ccc(Cl)c(F)c3F)nn2)[C@H]1O,IC50,13.0,nM,7.89,,CHEMBL5578473,9,CHEMBL4531,CHEMBL5576131,8itz,P17931
CHEMBL5590257,CO[C@@H]1[C@@H](n2cc(-c3cc(F)c(Cl)c(F)c3)nn2)[C@@H](O)[C@@H](CO)O[C@H]1c1nncn1-c1cc(Cl)ccc1C(F)(F)F,IC50,22.0,nM,7.66,,CHEMBL5578473,9,CHEMBL4531,CHEMBL5576131,8itz,P17931
CHEMBL5590257,CO[C@@H]1[C@@H](n2cc(-c3cc(F)c(Cl)c(F)c3)nn2)[C@@H](O)[C@@H](CO)O[C@H]1c1nncn1-c1cc(Cl)ccc1C(F)(F)F,IC50,22.0,nM,7.66,,CHEMBL5578473,9,CHEMBL4531,CHEMBL5576131,8itz,P17931
CHEMBL5591007,OC[C@H]1O[C@@H](c2nncn2-c2cc(Cl)ccc2C(F)(F)F)[C@H](OCC(F)(F)C(F)F)[C@@H](n2cc(-c3ccc(Br)c(F)c3F)nn2)[C@H]1O,IC50,18.0,nM,7.75,,CHEMBL5578473,9,CHEMBL4531,CHEMBL5576131,8itz,P17931
CHEMBL5590331,CO[C@@H]1[C@@H](n2cc(-c3ccc(Cl)c(F)c3F)nn2)[C@@H](O)[C@@H](CO)O[C@H]1c1nncn1-c1cc(Cl)ccc1OC(F)(F)F,IC50,11.0,nM,7.96,,CHEMBL5578473,9,CHEMBL4531,CHEMBL5576131,8itz,P17931
CHEMBL5593643,OC[C@H]1O[C@@H](c2n[nH]c(=S)n2-c2cc(Cl)ccc2OC(F)(F)F)[C@H](O)[C@@H](n2cc(-c3ccc(Cl)c(F)c3F)nn2)[C@H]1O,IC50,7.0,nM,8.15,,CHEMBL5578473,9,CHEMBL4531,CHEMBL5576131,8itz,P17931
CHEMBL5593643,OC[C@H]1O[C@@H](c2n[nH]c(=S)n2-c2cc(Cl)ccc2OC(F)(F)F)[C@H](O)[C@@H](n2cc(-c3ccc(Cl)c(F)c3F)nn2)[C@H]1O,IC50,7.0,nM,8.15,,CHEMBL5578473,9,CHEMBL4531,CHEMBL5576131,8itz,P17931
CHEMBL5593643,OC[C@H]1O[C@@H](c2n[nH]c(=S)n2-c2cc(Cl)ccc2OC(F)(F)F)[C@H](O)[C@@H](n2cc(-c3ccc(Cl)c(F)c3F)nn2)[C@H]1O,IC50,70.0,nM,7.16,,CHEMBL5578473,9,CHEMBL4531,CHEMBL5576131,8itz,P17931
CHEMBL5593643,OC[C@H]1O[C@@H](c2n[nH]c(=S)n2-c2cc(Cl)ccc2OC(F)(F)F)[C@H](O)[C@@H](n2cc(-c3ccc(Cl)c(F)c3F)nn2)[C@H]1O,IC50,70.0,nM,7.16,,CHEMBL5578473,9,CHEMBL4531,CHEMBL5576131,8itz,P17931
CHEMBL5589832,OC[C@H]1O[C@@H](c2n[nH]c(=S)n2-c2cc(Cl)ccc2C(F)(F)F)[C@H](O)[C@@H](n2cc(-c3ccc(Br)c(F)c3F)nn2)[C@H]1O,IC50,6.9,nM,8.16,,CHEMBL5578473,9,CHEMBL4531,CHEMBL5576131,8itz,P17931
CHEMBL5589832,OC[C@H]1O[C@@H](c2n[nH]c(=S)n2-c2cc(Cl)ccc2C(F)(F)F)[C@H](O)[C@@H](n2cc(-c3ccc(Br)c(F)c3F)nn2)[C@H]1O,IC50,6.9,nM,8.16,,CHEMBL5578473,9,CHEMBL4531,CHEMBL5576131,8itz,P17931
CHEMBL5589832,OC[C@H]1O[C@@H](c2n[nH]c(=S)n2-c2cc(Cl)ccc2C(F)(F)F)[C@H](O)[C@@H](n2cc(-c3ccc(Br)c(F)c3F)nn2)[C@H]1O,IC50,76.0,nM,7.12,,CHEMBL5578473,9,CHEMBL4531,CHEMBL5576131,8itz,P17931
CHEMBL5589832,OC[C@H]1O[C@@H](c2n[nH]c(=S)n2-c2cc(Cl)ccc2C(F)(F)F)[C@H](O)[C@@H](n2cc(-c3ccc(Br)c(F)c3F)nn2)[C@H]1O,IC50,76.0,nM,7.12,,CHEMBL5578473,9,CHEMBL4531,CHEMBL5576131,8itz,P17931
CHEMBL5591506,Cn1nc([C@@H]2O[C@H](CO)[C@H](O)[C@H](n3cc(-c4ccc(Br)c(F)c4F)nn3)[C@H]2O)n(-c2cc(Cl)ccc2C(F)(F)F)c1=S,IC50,9.2,nM,8.04,,CHEMBL5578473,9,CHEMBL4531,CHEMBL5576131,8itz,P17931
CHEMBL5591506,Cn1nc([C@@H]2O[C@H](CO)[C@H](O)[C@H](n3cc(-c4ccc(Br)c(F)c4F)nn3)[C@H]2O)n(-c2cc(Cl)ccc2C(F)(F)F)c1=S,IC50,9.2,nM,8.04,,CHEMBL5578473,9,CHEMBL4531,CHEMBL5576131,8itz,P17931
CHEMBL5591506,Cn1nc([C@@H]2O[C@H](CO)[C@H](O)[C@H](n3cc(-c4ccc(Br)c(F)c4F)nn3)[C@H]2O)n(-c2cc(Cl)ccc2C(F)(F)F)c1=S,IC50,750.0,nM,6.12,,CHEMBL5578473,9,CHEMBL4531,CHEMBL5576131,8itz,P17931
CHEMBL5591506,Cn1nc([C@@H]2O[C@H](CO)[C@H](O)[C@H](n3cc(-c4ccc(Br)c(F)c4F)nn3)[C@H]2O)n(-c2cc(Cl)ccc2C(F)(F)F)c1=S,IC50,750.0,nM,6.12,,CHEMBL5578473,9,CHEMBL4531,CHEMBL5576131,8itz,P17931
CHEMBL5792553,O=C(O)CO[C@@H]1[C@@H](n2cc(-c3cc(F)c(F)c(F)c3)nn2)[C@@H](O)[C@@H](CO)O[C@@H]1Sc1ccc(Cl)c(Cl)c1,IC50,46.0,nM,7.34,1067123,CHEMBL5737063,9,CHEMBL4531,CHEMBL5728593,8itz,P17931
CHEMBL5955356,NC(=O)CO[C@@H]1[C@@H](n2cc(-c3cc(F)c(F)c(F)c3)nn2)[C@@H](O)[C@@H](CO)O[C@@H]1Sc1ccc(Cl)c(Cl)c1,IC50,200.0,nM,6.7,1067124,CHEMBL5737063,9,CHEMBL4531,CHEMBL5728593,8itz,P17931
CHEMBL5984296,COCCO[C@@H]1[C@@H](n2cc(-c3cc(F)c(F)c(F)c3)nn2)[C@@H](O)[C@@H](CO)O[C@@H]1Sc1ccc(Cl)c(Cl)c1,IC50,224.0,nM,6.65,1067125,CHEMBL5737063,9,CHEMBL4531,CHEMBL5728593,8itz,P17931
CHEMBL6014450,OC[C@H]1O[C@H](Sc2ccc(Cl)c(Cl)c2)[C@H](OCCN2CCOCC2)[C@@H](n2cc(-c3cc(F)c(F)c(F)c3)nn2)[C@H]1O,IC50,195.0,nM,6.71,1067126,CHEMBL5737063,9,CHEMBL4531,CHEMBL5728593,8itz,P17931
CHEMBL5772467,O=C(CO[C@@H]1[C@@H](n2cc(-c3cc(F)c(F)c(F)c3)nn2)[C@@H](O)[C@@H](CO)O[C@@H]1Sc1ccc(Cl)c(Cl)c1)N1CCCCC1,IC50,225.0,nM,6.65,1067127,CHEMBL5737063,9,CHEMBL4531,CHEMBL5728593,8itz,P17931
CHEMBL5913117,O=C(CO[C@@H]1[C@@H](n2cc(-c3cc(F)c(F)c(F)c3)nn2)[C@@H](O)[C@@H](CO)O[C@@H]1Sc1ccc(Cl)c(Cl)c1)N1CCS(=O)(=O)CC1,IC50,43.0,nM,7.37,1067128,CHEMBL5737063,9,CHEMBL4531,CHEMBL5728593,8itz,P17931
CHEMBL6060273,O=C(CO[C@@H]1[C@@H](n2cc(-c3cc(F)c(F)c(F)c3)nn2)[C@@H](O)[C@@H](CO)O[C@@H]1Sc1ccc(Cl)c(Cl)c1)N1CCC[C@@H](O)C1,IC50,60.0,nM,7.22,1067129,CHEMBL5737063,9,CHEMBL4531,CHEMBL5728593,8itz,P17931
CHEMBL5945833,O=C(CO[C@@H]1[C@@H](n2cc(-c3cc(F)c(F)c(F)c3)nn2)[C@@H](O)[C@@H](CO)O[C@@H]1Sc1ccc(Cl)c(Cl)c1)N1CCCC(F)(F)C1,IC50,150.0,nM,6.82,1067130,CHEMBL5737063,9,CHEMBL4531,CHEMBL5728593,8itz,P17931
CHEMBL5861833,O=C(CO[C@@H]1[C@@H](n2cc(-c3cc(F)c(F)c(F)c3)nn2)[C@@H](O)[C@@H](CO)O[C@@H]1Sc1ccc(Cl)c(Cl)c1)N1CCOCC1,IC50,76.0,nM,7.12,1067131,CHEMBL5737063,9,CHEMBL4531,CHEMBL5728593,8itz,P17931
CHEMBL5775549,O=C1CN(C(=O)CO[C@@H]2[C@@H](n3cc(-c4cc(F)c(F)c(F)c4)nn3)[C@@H](O)[C@@H](CO)O[C@@H]2Sc2ccc(Cl)c(Cl)c2)CCN1,IC50,86.0,nM,7.07,1067132,CHEMBL5737063,9,CHEMBL4531,CHEMBL5728593,8itz,P17931
CHEMBL5838300,O=C(CO[C@@H]1[C@@H](n2cc(-c3cc(F)c(F)c(F)c3)nn2)[C@@H](O)[C@@H](CO)O[C@@H]1Sc1ccc(Cl)c(Cl)c1)N1CC[C@@H](O)C1,IC50,70.0,nM,7.16,1067133,CHEMBL5737063,9,CHEMBL4531,CHEMBL5728593,8itz,P17931
CHEMBL6037065,O=C(CO[C@@H]1[C@@H](n2cc(-c3cc(F)c(F)c(F)c3)nn2)[C@@H](O)[C@@H](CO)O[C@@H]1Sc1ccc(Cl)c(Cl)c1)N1CC[C@H](O)C1,IC50,48.0,nM,7.32,1067134,CHEMBL5737063,9,CHEMBL4531,CHEMBL5728593,8itz,P17931
CHEMBL5824161,O=C(CO[C@@H]1[C@@H](n2cc(-c3cc(F)c(F)c(F)c3)nn2)[C@@H](O)[C@@H](CO)O[C@@H]1Sc1ccc(Cl)c(Cl)c1)N1CCC[C@H]1CO,IC50,72.0,nM,7.14,1067135,CHEMBL5737063,9,CHEMBL4531,CHEMBL5728593,8itz,P17931
CHEMBL5752038,CC(=O)NC1CN(C(=O)CO[C@@H]2[C@@H](n3cc(-c4cc(F)c(F)c(F)c4)nn3)[C@@H](O)[C@@H](CO)O[C@@H]2Sc2ccc(Cl)c(Cl)c2)C1,IC50,800.0,nM,6.1,1067136,CHEMBL5737063,9,CHEMBL4531,CHEMBL5728593,8itz,P17931
CHEMBL5766510,O=C(CO[C@@H]1[C@@H](n2cc(-c3cc(F)c(F)c(F)c3)nn2)[C@@H](O)[C@@H](CO)O[C@@H]1Sc1ccc(Cl)c(Cl)c1)N1CC(O)C1,IC50,90.0,nM,7.05,1067137,CHEMBL5737063,9,CHEMBL4531,CHEMBL5728593,8itz,P17931
CHEMBL5796289,COCCN(C)C(=O)CO[C@@H]1[C@@H](n2cc(-c3cc(F)c(F)c(F)c3)nn2)[C@@H](O)[C@@H](CO)O[C@@H]1Sc1ccc(Cl)c(Cl)c1,IC50,700.0,nM,6.16,1067138,CHEMBL5737063,9,CHEMBL4531,CHEMBL5728593,8itz,P17931
CHEMBL5898099,O=C(CO[C@@H]1[C@@H](n2cc(-c3cc(F)c(F)c(F)c3)nn2)[C@@H](O)[C@@H](CO)O[C@@H]1Sc1ccc(Cl)c(Cl)c1)N1CCC[C@H](O)C1,IC50,60.0,nM,7.22,1067139,CHEMBL5737063,9,CHEMBL4531,CHEMBL5728593,8itz,P17931
CHEMBL6014911,O=C(CO[C@@H]1[C@@H](n2cc(-c3cc(F)c(F)c(F)c3)nn2)[C@@H](O)[C@@H](CO)O[C@@H]1Sc1ccc(Cl)c(Cl)c1)NC1CC2(CC(O)C2)C1,IC50,660.0,nM,6.18,1067140,CHEMBL5737063,9,CHEMBL4531,CHEMBL5728593,8itz,P17931
CHEMBL5744722,COc1ccc(-c2cn([C@H]3[C@@H](O)[C@@H](CO)O[C@H](Sc4ccc(Cl)c(Cl)c4)[C@@H]3OCC(=O)O)nn2)cc1,IC50,1530.0,nM,5.82,1067141,CHEMBL5737063,9,CHEMBL4531,CHEMBL5728593,8itz,P17931
CHEMBL5980789,COc1cccc(-c2cn([C@H]3[C@@H](O)[C@@H](CO)O[C@H](Sc4ccc(Cl)c(Cl)c4)[C@@H]3OCC(=O)O)nn2)c1,IC50,740.0,nM,6.13,1067142,CHEMBL5737063,9,CHEMBL4531,CHEMBL5728593,8itz,P17931
CHEMBL5813379,Cc1cccc(-c2cn([C@H]3[C@@H](O)[C@@H](CO)O[C@H](Sc4ccc(Cl)c(Cl)c4)[C@@H]3OCC(=O)O)nn2)c1,IC50,1340.0,nM,5.87,1067143,CHEMBL5737063,9,CHEMBL4531,CHEMBL5728593,8itz,P17931
CHEMBL5822958,O=C(O)CO[C@@H]1[C@@H](n2cc(-c3ccc(Cl)cc3)nn2)[C@@H](O)[C@@H](CO)O[C@@H]1Sc1ccc(Cl)c(Cl)c1,IC50,620.0,nM,6.21,1067144,CHEMBL5737063,9,CHEMBL4531,CHEMBL5728593,8itz,P17931
CHEMBL5916336,O=C(O)CO[C@@H]1[C@@H](n2cc(-c3ccccc3F)nn2)[C@@H](O)[C@@H](CO)O[C@@H]1Sc1ccc(Cl)c(Cl)c1,IC50,1610.0,nM,5.79,1067145,CHEMBL5737063,9,CHEMBL4531,CHEMBL5728593,8itz,P17931
CHEMBL6027013,O=C(O)CO[C@@H]1[C@@H](n2cc(-c3cc(F)cc(F)c3)nn2)[C@@H](O)[C@@H](CO)O[C@@H]1Sc1ccc(Cl)c(Cl)c1,IC50,250.0,nM,6.6,1067146,CHEMBL5737063,9,CHEMBL4531,CHEMBL5728593,8itz,P17931
CHEMBL5988690,Cc1ccccc1-c1cn([C@H]2[C@@H](O)[C@@H](CO)O[C@H](Sc3ccc(Cl)c(Cl)c3)[C@@H]2OCC(=O)O)nn1,IC50,1750.0,nM,5.76,1067147,CHEMBL5737063,9,CHEMBL4531,CHEMBL5728593,8itz,P17931
CHEMBL5773616,Cc1cc(-c2cn([C@H]3[C@@H](O)[C@@H](CO)O[C@H](Sc4ccc(Cl)c(Cl)c4)[C@@H]3OCC(=O)O)nn2)ccc1F,IC50,230.0,nM,6.64,1067148,CHEMBL5737063,9,CHEMBL4531,CHEMBL5728593,8itz,P17931
CHEMBL5837796,O=C(O)CO[C@@H]1[C@@H](n2cc(-c3ccc(F)c(F)c3)nn2)[C@@H](O)[C@@H](CO)O[C@@H]1Sc1ccc(Cl)c(Cl)c1,IC50,70.0,nM,7.16,1067149,CHEMBL5737063,9,CHEMBL4531,CHEMBL5728593,8itz,P17931
CHEMBL5942683,COC(=O)c1ccc(-c2cn([C@H]3[C@@H](O)[C@@H](CO)O[C@H](Sc4ccc(Cl)c(Cl)c4)[C@@H]3OCC(=O)O)nn2)cc1,IC50,7430.0,nM,5.13,1067150,CHEMBL5737063,9,CHEMBL4531,CHEMBL5728593,8itz,P17931
CHEMBL5845199,O=C(O)CO[C@@H]1[C@@H](n2cc(-c3cccc(F)n3)nn2)[C@@H](O)[C@@H](CO)O[C@@H]1Sc1ccc(Cl)c(Cl)c1,IC50,310.0,nM,6.51,1067151,CHEMBL5737063,9,CHEMBL4531,CHEMBL5728593,8itz,P17931
CHEMBL5876352,O=C(O)CO[C@@H]1[C@@H](n2cc(-c3ccc(F)cn3)nn2)[C@@H](O)[C@@H](CO)O[C@@H]1Sc1ccc(Cl)c(Cl)c1,IC50,840.0,nM,6.08,1067152,CHEMBL5737063,9,CHEMBL4531,CHEMBL5728593,8itz,P17931
CHEMBL6060095,O=C(O)CO[C@@H]1[C@@H](n2cc(-c3cc(F)ccn3)nn2)[C@@H](O)[C@@H](CO)O[C@@H]1Sc1ccc(Cl)c(Cl)c1,IC50,5550.0,nM,5.26,1067153,CHEMBL5737063,9,CHEMBL4531,CHEMBL5728593,8itz,P17931
CHEMBL5200890,OC[C@H]1O[C@@H](n2nncc2-c2ccc(Cl)c(Cl)c2)[C@H](O)[C@@H](n2cc(-c3cc(F)c(F)c(F)c3)nn2)[C@H]1O,IC50,260.0,nM,6.58,1147781,CHEMBL5737905,9,CHEMBL4531,CHEMBL5729012,8itz,P17931
CHEMBL5200890,OC[C@H]1O[C@@H](n2nncc2-c2ccc(Cl)c(Cl)c2)[C@H](O)[C@@H](n2cc(-c3cc(F)c(F)c(F)c3)nn2)[C@H]1O,IC50,260.0,nM,6.58,1147781,CHEMBL5737905,9,CHEMBL4531,CHEMBL5729012,8itz,P17931
CHEMBL5754939,OC[C@H]1O[C@@H](n2nncc2-c2ccccc2)[C@H](O)[C@@H](n2cc(-c3cc(F)c(F)c(F)c3)nn2)[C@H]1O,IC50,617.0,nM,6.21,1147782,CHEMBL5737905,9,CHEMBL4531,CHEMBL5729012,8itz,P17931
CHEMBL6036718,OC[C@H]1O[C@@H](n2nncc2-c2ccc3c(c2)OCO3)[C@H](O)[C@@H](n2cc(-c3cc(F)c(F)c(F)c3)nn2)[C@H]1O,IC50,386.0,nM,6.41,1147783,CHEMBL5737905,9,CHEMBL4531,CHEMBL5729012,8itz,P17931
CHEMBL5881723,OC[C@H]1O[C@@H](n2nncc2-c2ccc3[nH]ncc3c2)[C@H](O)[C@@H](n2cc(-c3cc(F)c(F)c(F)c3)nn2)[C@H]1O,IC50,640.0,nM,6.19,1147784,CHEMBL5737905,9,CHEMBL4531,CHEMBL5729012,8itz,P17931
CHEMBL5899414,OC[C@H]1O[C@@H](n2nncc2-c2ccc3cn[nH]c3c2)[C@H](O)[C@@H](n2cc(-c3cc(F)c(F)c(F)c3)nn2)[C@H]1O,IC50,494.0,nM,6.31,1147785,CHEMBL5737905,9,CHEMBL4531,CHEMBL5729012,8itz,P17931
CHEMBL5805120,OC[C@H]1O[C@@H](n2nncc2-c2ccc(Cl)cc2)[C@H](O)[C@@H](n2cc(-c3cc(F)c(F)c(F)c3)nn2)[C@H]1O,IC50,329.0,nM,6.48,1147786,CHEMBL5737905,9,CHEMBL4531,CHEMBL5729012,8itz,P17931
CHEMBL6002366,Cc1nc2ccc(-c3cnnn3[C@@H]3O[C@H](CO)[C@H](O)[C@H](n4cc(-c5cc(F)c(F)c(F)c5)nn4)[C@H]3O)cc2s1,IC50,158.0,nM,6.8,1147787,CHEMBL5737905,9,CHEMBL4531,CHEMBL5729012,8itz,P17931
CHEMBL5957258,COc1cccc(-c2cnnn2[C@@H]2O[C@H](CO)[C@H](O)[C@H](n3cc(-c4cc(F)c(F)c(F)c4)nn3)[C@H]2O)c1,IC50,158.0,nM,6.8,1147788,CHEMBL5737905,9,CHEMBL4531,CHEMBL5729012,8itz,P17931
CHEMBL5796830,CC(C)(C)c1cnnn1[C@@H]1O[C@H](CO)[C@H](O)[C@H](n2cc(-c3cc(F)c(F)c(F)c3)nn2)[C@H]1O,IC50,366.0,nM,6.44,1147789,CHEMBL5737905,9,CHEMBL4531,CHEMBL5729012,8itz,P17931
CHEMBL5981719,O=C(O)c1nnn([C@@H]2O[C@H](CO)[C@H](O)[C@H](n3cc(-c4cc(F)c(F)c(F)c4)nn3)[C@H]2O)c1-c1ccc(Cl)c(Cl)c1,IC50,184.0,nM,6.74,1147790,CHEMBL5737905,9,CHEMBL4531,CHEMBL5729012,8itz,P17931
CHEMBL5761102,COCCO[C@@H]1[C@@H](n2cc(-c3cc(F)c(F)c(F)c3)nn2)[C@@H](O)[C@@H](CO)O[C@H]1n1nncc1-c1cccc(Cl)c1,IC50,571.0,nM,6.24,1147791,CHEMBL5737905,9,CHEMBL4531,CHEMBL5729012,8itz,P17931
CHEMBL5957560,O=C(O)CO[C@@H]1[C@@H](n2cc(-c3cc(F)c(F)c(F)c3)nn2)[C@@H](O)[C@@H](CO)O[C@H]1n1nncc1-c1cccc(Cl)c1,IC50,8427.0,nM,5.07,1147792,CHEMBL5737905,9,CHEMBL4531,CHEMBL5729012,8itz,P17931
CHEMBL5788601,COc1cccc(-c2cnnn2[C@H]2C[C@@H](n3cc(-c4cc(F)c(F)c(F)c4)nn3)[C@@H](O)[C@@H](CO)O2)c1,IC50,609.0,nM,6.21,1147793,CHEMBL5737905,9,CHEMBL4531,CHEMBL5729012,8itz,P17931
CHEMBL5826572,OC[C@H]1O[C@@H](n2nncc2-c2ccccc2)C[C@@H](n2cc(-c3cc(F)c(F)c(F)c3)nn2)[C@H]1O,IC50,902.0,nM,6.04,1147794,CHEMBL5737905,9,CHEMBL4531,CHEMBL5729012,8itz,P17931
CHEMBL6022608,OC[C@H]1O[C@@H](c2ncnn2-c2ccccc2)[C@H](O)[C@@H](n2cc(-c3cc(F)c(F)c(F)c3)nn2)[C@H]1O,IC50,708.0,nM,6.15,1147795,CHEMBL5737905,9,CHEMBL4531,CHEMBL5729012,8itz,P17931
CHEMBL5593383,OC[C@H]1O[C@@H](c2ncnn2-c2ccc(Cl)c(Cl)c2)[C@H](O)[C@@H](n2cc(-c3cc(F)c(F)c(F)c3)nn2)[C@H]1O,IC50,79.0,nM,7.1,1147796,CHEMBL5737905,9,CHEMBL4531,CHEMBL5729012,8itz,P17931
CHEMBL5755849,OC[C@H]1O[C@@H](c2ncnn2Cc2cccc(Cl)c2)[C@H](O)[C@@H](n2cc(-c3cc(F)c(F)c(F)c3)nn2)[C@H]1O,IC50,1110.0,nM,5.96,1147797,CHEMBL5737905,9,CHEMBL4531,CHEMBL5729012,8itz,P17931
CHEMBL5980448,COc1cccc(-n2ncnc2[C@@H]2O[C@H](CO)[C@H](O)[C@H](n3cc(-c4cc(F)c(F)c(F)c4)nn3)[C@H]2O)c1,IC50,150.0,nM,6.82,1147798,CHEMBL5737905,9,CHEMBL4531,CHEMBL5729012,8itz,P17931
CHEMBL5958167,OC[C@H]1O[C@@H](c2ncnn2-c2ccccc2Cl)[C@H](O)[C@@H](n2cc(-c3cc(F)c(F)c(F)c3)nn2)[C@H]1O,IC50,480.0,nM,6.32,1147799,CHEMBL5737905,9,CHEMBL4531,CHEMBL5729012,8itz,P17931
CHEMBL5856231,OC[C@H]1O[C@@H](c2ncnn2-c2ccc(C(F)(F)F)cc2)[C@H](O)[C@@H](n2cc(-c3cc(F)c(F)c(F)c3)nn2)[C@H]1O,IC50,560.0,nM,6.25,1147800,CHEMBL5737905,9,CHEMBL4531,CHEMBL5729012,8itz,P17931
CHEMBL5740072,Cc1cccc(-n2ncnc2[C@@H]2O[C@H](CO)[C@H](O)[C@H](n3cc(-c4cc(F)c(F)c(F)c4)nn3)[C@H]2O)c1,IC50,230.0,nM,6.64,1147801,CHEMBL5737905,9,CHEMBL4531,CHEMBL5729012,8itz,P17931
CHEMBL5875912,OC[C@H]1O[C@@H](c2ncnn2-c2cccc(Br)c2)[C@H](O)[C@@H](n2cc(-c3cc(F)c(F)c(F)c3)nn2)[C@H]1O,IC50,180.0,nM,6.75,1147802,CHEMBL5737905,9,CHEMBL4531,CHEMBL5729012,8itz,P17931
CHEMBL5898484,OC[C@H]1O[C@@H](c2ncnn2Cc2ccccc2)[C@H](O)[C@@H](n2cc(-c3cc(F)c(F)c(F)c3)nn2)[C@H]1O,IC50,1470.0,nM,5.83,1147803,CHEMBL5737905,9,CHEMBL4531,CHEMBL5729012,8itz,P17931
CHEMBL5925973,OC[C@H]1O[C@@H](c2ncnn2-c2c(F)cccc2F)[C@H](O)[C@@H](n2cc(-c3cc(F)c(F)c(F)c3)nn2)[C@H]1O,IC50,1560.0,nM,5.81,1147804,CHEMBL5737905,9,CHEMBL4531,CHEMBL5729012,8itz,P17931
CHEMBL5793194,Cc1cc(Cl)ccc1-n1ncnc1[C@@H]1O[C@H](CO)[C@H](O)[C@H](n2cc(-c3cc(F)c(F)c(F)c3)nn2)[C@H]1O,IC50,590.0,nM,6.23,1147805,CHEMBL5737905,9,CHEMBL4531,CHEMBL5729012,8itz,P17931
CHEMBL5872752,O=C(O)c1cccc(-n2ncnc2[C@@H]2O[C@H](CO)[C@H](O)[C@H](n3cc(-c4cc(F)c(F)c(F)c4)nn3)[C@H]2O)c1,IC50,1040.0,nM,5.98,1147806,CHEMBL5737905,9,CHEMBL4531,CHEMBL5729012,8itz,P17931
CHEMBL5975997,O=C(O)c1ccc(-n2ncnc2[C@@H]2O[C@H](CO)[C@H](O)[C@H](n3cc(-c4cc(F)c(F)c(F)c4)nn3)[C@H]2O)cc1,IC50,590.0,nM,6.23,1147807,CHEMBL5737905,9,CHEMBL4531,CHEMBL5729012,8itz,P17931
CHEMBL5774373,O=C(O)c1ccccc1-n1ncnc1[C@@H]1O[C@H](CO)[C@H](O)[C@H](n2cc(-c3cc(F)c(F)c(F)c3)nn2)[C@H]1O,IC50,790.0,nM,6.1,1147808,CHEMBL5737905,9,CHEMBL4531,CHEMBL5729012,8itz,P17931
CHEMBL5971788,OC[C@H]1O[C@@H](c2ncnn2-c2ccccn2)[C@H](O)[C@@H](n2cc(-c3cc(F)c(F)c(F)c3)nn2)[C@H]1O,IC50,1090.0,nM,5.96,1147809,CHEMBL5737905,9,CHEMBL4531,CHEMBL5729012,8itz,P17931
CHEMBL6009441,O=[N+]([O-])c1cccc(-n2ncnc2[C@@H]2O[C@H](CO)[C@H](O)[C@H](n3cc(-c4cc(F)c(F)c(F)c4)nn3)[C@H]2O)c1,IC50,700.0,nM,6.16,1147810,CHEMBL5737905,9,CHEMBL4531,CHEMBL5729012,8itz,P17931
CHEMBL5749789,OC[C@H]1O[C@@H](c2ncnn2-c2cccc(C(F)(F)F)c2)[C@H](O)[C@@H](n2cc(-c3cc(F)c(F)c(F)c3)nn2)[C@H]1O,IC50,220.0,nM,6.66,1147811,CHEMBL5737905,9,CHEMBL4531,CHEMBL5729012,8itz,P17931
CHEMBL5860502,OC[C@H]1O[C@@H](c2ncnn2-c2cc(F)cc(F)c2)[C@H](O)[C@@H](n2cc(-c3cc(F)c(F)c(F)c3)nn2)[C@H]1O,IC50,210.0,nM,6.68,1147812,CHEMBL5737905,9,CHEMBL4531,CHEMBL5729012,8itz,P17931
CHEMBL5930948,OC[C@H]1O[C@@H](c2ncnn2-c2cccc(F)c2)[C@H](O)[C@@H](n2cc(-c3cc(F)c(F)c(F)c3)nn2)[C@H]1O,IC50,390.0,nM,6.41,1147813,CHEMBL5737905,9,CHEMBL4531,CHEMBL5729012,8itz,P17931
CHEMBL5813084,Cc1ccc(-n2ncnc2[C@@H]2O[C@H](CO)[C@H](O)[C@H](n3cc(-c4cc(F)c(F)c(F)c4)nn3)[C@H]2O)cc1,IC50,550.0,nM,6.26,1147814,CHEMBL5737905,9,CHEMBL4531,CHEMBL5729012,8itz,P17931
CHEMBL6030099,OC[C@H]1O[C@@H](c2ncnn2-c2ccccc2F)[C@H](O)[C@@H](n2cc(-c3cc(F)c(F)c(F)c3)nn2)[C@H]1O,IC50,1020.0,nM,5.99,1147815,CHEMBL5737905,9,CHEMBL4531,CHEMBL5729012,8itz,P17931
CHEMBL5935835,OC[C@H]1O[C@@H](c2ncnn2-c2cc(Cl)cc(Cl)c2)[C@H](O)[C@@H](n2cc(-c3cc(F)c(F)c(F)c3)nn2)[C@H]1O,IC50,110.0,nM,6.96,1147816,CHEMBL5737905,9,CHEMBL4531,CHEMBL5729012,8itz,P17931
CHEMBL5956869,OC[C@H]1O[C@@H](c2ncnn2-c2ccncc2)[C@H](O)[C@@H](n2cc(-c3cc(F)c(F)c(F)c3)nn2)[C@H]1O,IC50,460.0,nM,6.34,1147817,CHEMBL5737905,9,CHEMBL4531,CHEMBL5729012,8itz,P17931
CHEMBL5915588,OC[C@H]1O[C@@H](c2ncnn2-c2ccc(Cl)cc2)[C@H](O)[C@@H](n2cc(-c3cc(F)c(F)c(F)c3)nn2)[C@H]1O,IC50,610.0,nM,6.21,1147818,CHEMBL5737905,9,CHEMBL4531,CHEMBL5729012,8itz,P17931
CHEMBL5958928,Cn1ncnc1[C@@H]1O[C@H](CO)[C@H](O)[C@H](n2cc(-c3cc(F)c(F)c(F)c3)nn2)[C@H]1O,IC50,4460.0,nM,5.35,1147819,CHEMBL5737905,9,CHEMBL4531,CHEMBL5729012,8itz,P17931
CHEMBL5401469,Cc1nc2ccc(-n3ncnc3[C@@H]3O[C@H](CO)[C@H](O)[C@H](n4cc(-c5cc(F)c(F)c(F)c5)nn4)[C@H]3O)cc2s1,IC50,60.0,nM,7.22,1147820,CHEMBL5737905,9,CHEMBL4531,CHEMBL5729012,8itz,P17931
CHEMBL5401469,Cc1nc2ccc(-n3ncnc3[C@@H]3O[C@H](CO)[C@H](O)[C@H](n4cc(-c5cc(F)c(F)c(F)c5)nn4)[C@H]3O)cc2s1,IC50,60.0,nM,7.22,1147820,CHEMBL5737905,9,CHEMBL4531,CHEMBL5729012,8itz,P17931
CHEMBL5405455,OC[C@H]1O[C@@H](c2ncnn2-c2ccc3ncsc3c2)[C@H](O)[C@@H](n2cc(-c3cc(F)c(F)c(F)c3)nn2)[C@H]1O,IC50,40.0,nM,7.4,1147821,CHEMBL5737905,9,CHEMBL4531,CHEMBL5729012,8itz,P17931
CHEMBL5405455,OC[C@H]1O[C@@H](c2ncnn2-c2ccc3ncsc3c2)[C@H](O)[C@@H](n2cc(-c3cc(F)c(F)c(F)c3)nn2)[C@H]1O,IC50,40.0,nM,7.4,1147821,CHEMBL5737905,9,CHEMBL4531,CHEMBL5729012,8itz,P17931
CHEMBL5740795,OC[C@H]1O[C@@H](c2ncnn2-c2cc(Cl)ccc2Cl)[C@H](O)[C@@H](n2cc(-c3cc(F)c(F)c(F)c3)nn2)[C@H]1O,IC50,80.0,nM,7.1,1147822,CHEMBL5737905,9,CHEMBL4531,CHEMBL5729012,8itz,P17931
CHEMBL5831287,Cn1cnc2ccc(-n3ncnc3[C@@H]3O[C@H](CO)[C@H](O)[C@H](n4cc(-c5cc(F)c(F)c(F)c5)nn4)[C@H]3O)cc21,IC50,110.0,nM,6.96,1147823,CHEMBL5737905,9,CHEMBL4531,CHEMBL5729012,8itz,P17931
CHEMBL5408899,Cc1nc2cc(C)c(-n3ncnc3[C@@H]3O[C@H](CO)[C@H](O)[C@H](n4cc(-c5cc(F)c(F)c(F)c5)nn4)[C@H]3O)cc2s1,IC50,50.0,nM,7.3,1147824,CHEMBL5737905,9,CHEMBL4531,CHEMBL5729012,8itz,P17931
CHEMBL5408899,Cc1nc2cc(C)c(-n3ncnc3[C@@H]3O[C@H](CO)[C@H](O)[C@H](n4cc(-c5cc(F)c(F)c(F)c5)nn4)[C@H]3O)cc2s1,IC50,50.0,nM,7.3,1147824,CHEMBL5737905,9,CHEMBL4531,CHEMBL5729012,8itz,P17931
CHEMBL5945612,OC[C@H]1O[C@@H](c2ncnn2-c2ccc3nc(N4CCOCC4)sc3c2)[C@H](O)[C@@H](n2cc(-c3cc(F)c(F)c(F)c3)nn2)[C@H]1O,IC50,120.0,nM,6.92,1147825,CHEMBL5737905,9,CHEMBL4531,CHEMBL5729012,8itz,P17931
CHEMBL5440588,Cc1nc2cc(Cl)c(-n3ncnc3[C@@H]3O[C@H](CO)[C@H](O)[C@H](n4cc(-c5cc(F)c(F)c(F)c5)nn4)[C@H]3O)cc2s1,IC50,70.0,nM,7.16,1147826,CHEMBL5737905,9,CHEMBL4531,CHEMBL5729012,8itz,P17931
CHEMBL5440588,Cc1nc2cc(Cl)c(-n3ncnc3[C@@H]3O[C@H](CO)[C@H](O)[C@H](n4cc(-c5cc(F)c(F)c(F)c5)nn4)[C@H]3O)cc2s1,IC50,70.0,nM,7.16,1147826,CHEMBL5737905,9,CHEMBL4531,CHEMBL5729012,8itz,P17931
CHEMBL5779467,Cc1ncc(-c2cccc(-n3ncnc3[C@@H]3O[C@H](CO)[C@H](O)[C@H](n4cc(-c5cc(F)c(F)c(F)c5)nn4)[C@H]3O)c2)s1,IC50,300.0,nM,6.52,1147827,CHEMBL5737905,9,CHEMBL4531,CHEMBL5729012,8itz,P17931
CHEMBL5931714,CO[C@@H]1[C@@H](n2cc(-c3cc(F)c(F)c(F)c3)nn2)[C@@H](O)[C@@H](CO)O[C@H]1c1ncnn1-c1cccc(Cl)c1,IC50,83.0,nM,7.08,1147828,CHEMBL5737905,9,CHEMBL4531,CHEMBL5729012,8itz,P17931
CHEMBL5931714,CO[C@@H]1[C@@H](n2cc(-c3cc(F)c(F)c(F)c3)nn2)[C@@H](O)[C@@H](CO)O[C@H]1c1ncnn1-c1cccc(Cl)c1,IC50,83.0,nM,7.08,1147828,CHEMBL5737905,9,CHEMBL4531,CHEMBL5729012,8itz,P17931
CHEMBL5829961,CCO[C@@H]1[C@@H](n2cc(-c3cc(F)c(F)c(F)c3)nn2)[C@@H](O)[C@@H](CO)O[C@H]1c1ncnn1-c1cccc(Cl)c1,IC50,157.0,nM,6.8,1147829,CHEMBL5737905,9,CHEMBL4531,CHEMBL5729012,8itz,P17931
CHEMBL5177060,Cc1nc([C@@H]2O[C@H](CO)[C@H](O)[C@H](n3cc(-c4cc(F)c(F)c(F)c4)nn3)[C@H]2O)n(-c2cc(Cl)ccc2Cl)n1,IC50,40.0,nM,7.4,1147830,CHEMBL5737905,9,CHEMBL4531,CHEMBL5729012,8itz,P17931
CHEMBL5177060,Cc1nc([C@@H]2O[C@H](CO)[C@H](O)[C@H](n3cc(-c4cc(F)c(F)c(F)c4)nn3)[C@H]2O)n(-c2cc(Cl)ccc2Cl)n1,IC50,40.0,nM,7.4,1147830,CHEMBL5737905,9,CHEMBL4531,CHEMBL5729012,8itz,P17931
CHEMBL5747903,Cc1nc([C@@H]2O[C@H](CO)[C@H](O)[C@H](n3cc(-c4cc(F)c(F)c(F)c4)nn3)[C@H]2O)n(-c2ccc3ncn(C)c3c2)n1,IC50,140.0,nM,6.85,1147831,CHEMBL5737905,9,CHEMBL4531,CHEMBL5729012,8itz,P17931
CHEMBL5179182,Cc1nc([C@@H]2O[C@H](CO)[C@H](O)[C@H](n3cc(-c4cc(F)c(F)c(F)c4)nn3)[C@H]2O)n(-c2cc(Cl)ccc2F)n1,IC50,70.0,nM,7.16,1147832,CHEMBL5737905,9,CHEMBL4531,CHEMBL5729012,8itz,P17931
CHEMBL5179182,Cc1nc([C@@H]2O[C@H](CO)[C@H](O)[C@H](n3cc(-c4cc(F)c(F)c(F)c4)nn3)[C@H]2O)n(-c2cc(Cl)ccc2F)n1,IC50,70.0,nM,7.16,1147832,CHEMBL5737905,9,CHEMBL4531,CHEMBL5729012,8itz,P17931
CHEMBL5169841,COc1ccc(Cl)cc1-n1nc(C)nc1[C@@H]1O[C@H](CO)[C@H](O)[C@H](n2cc(-c3cc(F)c(F)c(F)c3)nn2)[C@H]1O,IC50,60.0,nM,7.22,1147833,CHEMBL5737905,9,CHEMBL4531,CHEMBL5729012,8itz,P17931
CHEMBL5169841,COc1ccc(Cl)cc1-n1nc(C)nc1[C@@H]1O[C@H](CO)[C@H](O)[C@H](n2cc(-c3cc(F)c(F)c(F)c3)nn2)[C@H]1O,IC50,60.0,nM,7.22,1147833,CHEMBL5737905,9,CHEMBL4531,CHEMBL5729012,8itz,P17931
CHEMBL5187047,Cc1nc([C@@H]2O[C@H](CO)[C@H](O)[C@H](n3cc(-c4cc(F)c(F)c(F)c4)nn3)[C@H]2O)n(-c2cc(Cl)ccc2C)n1,IC50,30.0,nM,7.52,1147834,CHEMBL5737905,9,CHEMBL4531,CHEMBL5729012,8itz,P17931
CHEMBL5187047,Cc1nc([C@@H]2O[C@H](CO)[C@H](O)[C@H](n3cc(-c4cc(F)c(F)c(F)c4)nn3)[C@H]2O)n(-c2cc(Cl)ccc2C)n1,IC50,30.0,nM,7.52,1147834,CHEMBL5737905,9,CHEMBL4531,CHEMBL5729012,8itz,P17931
CHEMBL5785540,Cc1nc([C@@H]2O[C@H](CO)[C@H](O)[C@H](n3cc(-c4cc(F)c(F)c(F)c4)nn3)[C@H]2O)n(-c2ccc(Cl)cc2C)n1,IC50,850.0,nM,6.07,1147835,CHEMBL5737905,9,CHEMBL4531,CHEMBL5729012,8itz,P17931
CHEMBL5945789,Cc1nc([C@@H]2O[C@H](CO)[C@H](O)[C@H](n3cc(-c4cc(F)c(F)c(F)c4)nn3)[C@H]2O)n(-c2cc(Cl)ccc2C#N)n1,IC50,90.0,nM,7.05,1147836,CHEMBL5737905,9,CHEMBL4531,CHEMBL5729012,8itz,P17931
CHEMBL6025973,Cc1nc([C@@H]2O[C@H](CO)[C@H](O)[C@H](n3cc(-c4cc(F)c(F)c(F)c4)nn3)[C@H]2O)n(-c2cncc(Cl)c2)n1,IC50,220.0,nM,6.66,1147837,CHEMBL5737905,9,CHEMBL4531,CHEMBL5729012,8itz,P17931
CHEMBL5800524,Cc1nc([C@@H]2O[C@H](CO)[C@H](O)[C@H](n3cc(-c4cc(F)c(F)c(F)c4)nn3)[C@H]2O)n(-c2nc3ccnn3cc2F)n1,IC50,3840.0,nM,5.42,1147838,CHEMBL5737905,9,CHEMBL4531,CHEMBL5729012,8itz,P17931
CHEMBL6042029,Cc1nc([C@@H]2O[C@H](CO)[C@H](O)[C@H](n3cc(-c4cc(F)c(F)c(F)c4)nn3)[C@H]2O)n(-c2cc(Cl)cc(C(F)(F)F)c2)n1,IC50,130.0,nM,6.89,1147839,CHEMBL5737905,9,CHEMBL4531,CHEMBL5729012,8itz,P17931
CHEMBL5193419,Cc1nc([C@@H]2O[C@H](CO)[C@H](O)[C@H](n3cc(-c4cc(F)c(F)c(F)c4)nn3)[C@H]2O)n(-c2cc(Cl)ccc2Br)n1,IC50,20.0,nM,7.7,1147840,CHEMBL5737905,9,CHEMBL4531,CHEMBL5729012,8itz,P17931
CHEMBL5193419,Cc1nc([C@@H]2O[C@H](CO)[C@H](O)[C@H](n3cc(-c4cc(F)c(F)c(F)c4)nn3)[C@H]2O)n(-c2cc(Cl)ccc2Br)n1,IC50,20.0,nM,7.7,1147840,CHEMBL5737905,9,CHEMBL4531,CHEMBL5729012,8itz,P17931
CHEMBL5890166,Cc1nc([C@@H]2O[C@H](CO)[C@H](O)[C@H](n3cc(-c4cc(F)c(F)c(F)c4)nn3)[C@H]2O)n(-c2cc(Cl)c(Cl)cc2C)n1,IC50,60.0,nM,7.22,1147841,CHEMBL5737905,9,CHEMBL4531,CHEMBL5729012,8itz,P17931
CHEMBL5784274,Cc1nc([C@@H]2O[C@H](CO)[C@H](O)[C@H](n3cc(-c4cc(F)c(F)c(F)c4)nn3)[C@H]2O)n(-c2cc(C(F)(F)F)ccc2Cl)n1,IC50,50.0,nM,7.3,1147842,CHEMBL5737905,9,CHEMBL4531,CHEMBL5729012,8itz,P17931
CHEMBL5986030,Cc1nc([C@@H]2O[C@H](CO)[C@H](O)[C@H](n3cc(-c4cc(F)c(F)c(F)c4)nn3)[C@H]2O)n(-c2cc(F)ccc2C(F)(F)F)n1,IC50,90.0,nM,7.05,1147843,CHEMBL5737905,9,CHEMBL4531,CHEMBL5729012,8itz,P17931
CHEMBL5979163,CCc1ccc(Cl)cc1-n1nc(C)nc1[C@@H]1O[C@H](CO)[C@H](O)[C@H](n2cc(-c3cc(F)c(F)c(F)c3)nn2)[C@H]1O,IC50,20.0,nM,7.7,1147844,CHEMBL5737905,9,CHEMBL4531,CHEMBL5729012,8itz,P17931
CHEMBL5964055,COc1ccc(Cl)cc1-n1cnnc1[C@@H]1O[C@H](CO)[C@H](O)[C@H](n2cc(-c3cc(F)c(F)c(F)c3)nn2)[C@H]1O,IC50,110.0,nM,6.96,1147845,CHEMBL5737905,9,CHEMBL4531,CHEMBL5729012,8itz,P17931
CHEMBL5863093,OC[C@H]1O[C@@H](c2nncn2-c2ccc(Cl)cc2)[C@H](O)[C@@H](n2cc(-c3cc(F)c(F)c(F)c3)nn2)[C@H]1O,IC50,330.0,nM,6.48,1147846,CHEMBL5737905,9,CHEMBL4531,CHEMBL5729012,8itz,P17931
CHEMBL5926999,OC[C@H]1O[C@@H](c2nncn2-c2ccc3c(c2)OCO3)[C@H](O)[C@@H](n2cc(-c3cc(F)c(F)c(F)c3)nn2)[C@H]1O,IC50,120.0,nM,6.92,1147847,CHEMBL5737905,9,CHEMBL4531,CHEMBL5729012,8itz,P17931
CHEMBL5822379,Cc1ccc(-n2cnnc2[C@@H]2O[C@H](CO)[C@H](O)[C@H](n3cc(-c4cc(F)c(F)c(F)c4)nn3)[C@H]2O)cc1C,IC50,140.0,nM,6.85,1147848,CHEMBL5737905,9,CHEMBL4531,CHEMBL5729012,8itz,P17931
CHEMBL5843494,OC[C@H]1O[C@@H](c2nncn2-c2cccc(Oc3ccccc3)c2)[C@H](O)[C@@H](n2cc(-c3cc(F)c(F)c(F)c3)nn2)[C@H]1O,IC50,830.0,nM,6.08,1147849,CHEMBL5737905,9,CHEMBL4531,CHEMBL5729012,8itz,P17931
CHEMBL5886815,COc1ccc(-n2cnnc2[C@@H]2O[C@H](CO)[C@H](O)[C@H](n3cc(-c4cc(F)c(F)c(F)c4)nn3)[C@H]2O)cc1OC,IC50,170.0,nM,6.77,1147850,CHEMBL5737905,9,CHEMBL4531,CHEMBL5729012,8itz,P17931
CHEMBL5992380,OC[C@H]1O[C@@H](c2nncn2-c2cccc(C(F)(F)F)c2)[C@H](O)[C@@H](n2cc(-c3cc(F)c(F)c(F)c3)nn2)[C@H]1O,IC50,330.0,nM,6.48,1147851,CHEMBL5737905,9,CHEMBL4531,CHEMBL5729012,8itz,P17931
CHEMBL6012201,OC[C@H]1O[C@@H](c2nncn2-c2ccc(C(F)(F)F)cc2)[C@H](O)[C@@H](n2cc(-c3cc(F)c(F)c(F)c3)nn2)[C@H]1O,IC50,5590.0,nM,5.25,1147852,CHEMBL5737905,9,CHEMBL4531,CHEMBL5729012,8itz,P17931
CHEMBL5889692,OC[C@H]1O[C@@H](c2nncn2-c2ccc(-c3cnco3)cc2)[C@H](O)[C@@H](n2cc(-c3cc(F)c(F)c(F)c3)nn2)[C@H]1O,IC50,580.0,nM,6.24,1147853,CHEMBL5737905,9,CHEMBL4531,CHEMBL5729012,8itz,P17931
CHEMBL5764316,OC[C@H]1O[C@@H](c2nncn2-c2ccc(Cl)cc2Cl)[C@H](O)[C@@H](n2cc(-c3cc(F)c(F)c(F)c3)nn2)[C@H]1O,IC50,900.0,nM,6.05,1147854,CHEMBL5737905,9,CHEMBL4531,CHEMBL5729012,8itz,P17931
CHEMBL5863744,CC(=O)Nc1cccc(-n2cnnc2[C@@H]2O[C@H](CO)[C@H](O)[C@H](n3cc(-c4cc(F)c(F)c(F)c4)nn3)[C@H]2O)c1,IC50,900.0,nM,6.05,1147855,CHEMBL5737905,9,CHEMBL4531,CHEMBL5729012,8itz,P17931
CHEMBL5770358,OC[C@H]1O[C@@H](c2nncn2-c2ccc(F)cc2)[C@H](O)[C@@H](n2cc(-c3cc(F)c(F)c(F)c3)nn2)[C@H]1O,IC50,440.0,nM,6.36,1147856,CHEMBL5737905,9,CHEMBL4531,CHEMBL5729012,8itz,P17931
CHEMBL5980693,COc1ccccc1-n1cnnc1[C@@H]1O[C@H](CO)[C@H](O)[C@H](n2cc(-c3cc(F)c(F)c(F)c3)nn2)[C@H]1O,IC50,380.0,nM,6.42,1147857,CHEMBL5737905,9,CHEMBL4531,CHEMBL5729012,8itz,P17931
CHEMBL5930437,OC[C@H]1O[C@@H](c2nncn2-c2ccc(Cl)c(C(F)(F)F)c2)[C@H](O)[C@@H](n2cc(-c3cc(F)c(F)c(F)c3)nn2)[C@H]1O,IC50,100.0,nM,7.0,1147858,CHEMBL5737905,9,CHEMBL4531,CHEMBL5729012,8itz,P17931
CHEMBL5878318,OC[C@H]1O[C@@H](c2nncn2-c2ccc(Br)cc2)[C@H](O)[C@@H](n2cc(-c3cc(F)c(F)c(F)c3)nn2)[C@H]1O,IC50,360.0,nM,6.44,1147859,CHEMBL5737905,9,CHEMBL4531,CHEMBL5729012,8itz,P17931
CHEMBL5852354,OC[C@H]1O[C@@H](c2nncn2-c2ccccc2Cl)[C@H](O)[C@@H](n2cc(-c3cc(F)c(F)c(F)c3)nn2)[C@H]1O,IC50,460.0,nM,6.34,1147860,CHEMBL5737905,9,CHEMBL4531,CHEMBL5729012,8itz,P17931
CHEMBL5966899,OC[C@H]1O[C@@H](c2nncn2-c2ccc(Cc3ccncc3)cc2)[C@H](O)[C@@H](n2cc(-c3cc(F)c(F)c(F)c3)nn2)[C@H]1O,IC50,520.0,nM,6.28,1147861,CHEMBL5737905,9,CHEMBL4531,CHEMBL5729012,8itz,P17931
CHEMBL6026727,CN(C)c1ccc(-n2cnnc2[C@@H]2O[C@H](CO)[C@H](O)[C@H](n3cc(-c4cc(F)c(F)c(F)c4)nn3)[C@H]2O)cc1,IC50,690.0,nM,6.16,1147862,CHEMBL5737905,9,CHEMBL4531,CHEMBL5729012,8itz,P17931
CHEMBL5946572,Cc1ccc(-n2cnnc2[C@@H]2O[C@H](CO)[C@H](O)[C@H](n3cc(-c4cc(F)c(F)c(F)c4)nn3)[C@H]2O)cc1,IC50,360.0,nM,6.44,1147863,CHEMBL5737905,9,CHEMBL4531,CHEMBL5729012,8itz,P17931
CHEMBL5780151,OC[C@H]1O[C@@H](c2nncn2-c2cccc(OC(F)(F)F)c2)[C@H](O)[C@@H](n2cc(-c3cc(F)c(F)c(F)c3)nn2)[C@H]1O,IC50,190.0,nM,6.72,1147864,CHEMBL5737905,9,CHEMBL4531,CHEMBL5729012,8itz,P17931
CHEMBL5808399,OC[C@H]1O[C@@H](c2nncn2-c2ccc(OC(F)(F)F)cc2)[C@H](O)[C@@H](n2cc(-c3cc(F)c(F)c(F)c3)nn2)[C@H]1O,IC50,1130.0,nM,5.95,1147865,CHEMBL5737905,9,CHEMBL4531,CHEMBL5729012,8itz,P17931
CHEMBL5758182,OC[C@H]1O[C@@H](c2nncn2-c2ccc3ccccc3c2)[C@H](O)[C@@H](n2cc(-c3cc(F)c(F)c(F)c3)nn2)[C@H]1O,IC50,130.0,nM,6.89,1147866,CHEMBL5737905,9,CHEMBL4531,CHEMBL5729012,8itz,P17931
CHEMBL5980290,OC[C@H]1O[C@@H](c2nncn2-c2ccc3c(c2)OCCO3)[C@H](O)[C@@H](n2cc(-c3cc(F)c(F)c(F)c3)nn2)[C@H]1O,IC50,290.0,nM,6.54,1147867,CHEMBL5737905,9,CHEMBL4531,CHEMBL5729012,8itz,P17931
CHEMBL5742480,OC[C@H]1O[C@@H](c2nncn2-c2ccccc2F)[C@H](O)[C@@H](n2cc(-c3cc(F)c(F)c(F)c3)nn2)[C@H]1O,IC50,350.0,nM,6.46,1147868,CHEMBL5737905,9,CHEMBL4531,CHEMBL5729012,8itz,P17931
CHEMBL5900982,COc1ccc(-n2cnnc2[C@@H]2O[C@H](CO)[C@H](O)[C@H](n3cc(-c4cc(F)c(F)c(F)c4)nn3)[C@H]2O)cc1,IC50,450.0,nM,6.35,1147869,CHEMBL5737905,9,CHEMBL4531,CHEMBL5729012,8itz,P17931
CHEMBL5874940,O=S1(=O)Cc2ccc(-n3cnnc3[C@@H]3O[C@H](CO)[C@H](O)[C@H](n4cc(-c5cc(F)c(F)c(F)c5)nn4)[C@H]3O)cc2C1,IC50,890.0,nM,6.05,1147870,CHEMBL5737905,9,CHEMBL4531,CHEMBL5729012,8itz,P17931
CHEMBL5792863,OC[C@H]1O[C@@H](c2nncn2-c2cccc(-c3ccccc3)c2)[C@H](O)[C@@H](n2cc(-c3cc(F)c(F)c(F)c3)nn2)[C@H]1O,IC50,470.0,nM,6.33,1147871,CHEMBL5737905,9,CHEMBL4531,CHEMBL5729012,8itz,P17931
CHEMBL5746901,OC[C@H]1O[C@@H](c2nncn2-c2cc(Cl)cc(Cl)c2)[C@H](O)[C@@H](n2cc(-c3cc(F)c(F)c(F)c3)nn2)[C@H]1O,IC50,80.0,nM,7.1,1147872,CHEMBL5737905,9,CHEMBL4531,CHEMBL5729012,8itz,P17931
CHEMBL5974340,OC[C@H]1O[C@@H](c2nncn2-c2ccccc2OC(F)(F)F)[C@H](O)[C@@H](n2cc(-c3cc(F)c(F)c(F)c3)nn2)[C@H]1O,IC50,300.0,nM,6.52,1147873,CHEMBL5737905,9,CHEMBL4531,CHEMBL5729012,8itz,P17931
CHEMBL6034025,CC(C)Oc1ccc(-n2cnnc2[C@@H]2O[C@H](CO)[C@H](O)[C@H](n3cc(-c4cc(F)c(F)c(F)c4)nn3)[C@H]2O)cc1,IC50,700.0,nM,6.16,1147874,CHEMBL5737905,9,CHEMBL4531,CHEMBL5729012,8itz,P17931
CHEMBL6009865,OC[C@H]1O[C@@H](c2nncn2-c2ccc(Oc3ccccc3)cc2)[C@H](O)[C@@H](n2cc(-c3cc(F)c(F)c(F)c3)nn2)[C@H]1O,IC50,820.0,nM,6.09,1147875,CHEMBL5737905,9,CHEMBL4531,CHEMBL5729012,8itz,P17931
CHEMBL5888495,CC(C)Oc1cccc(-n2cnnc2[C@@H]2O[C@H](CO)[C@H](O)[C@H](n3cc(-c4cc(F)c(F)c(F)c4)nn3)[C@H]2O)c1,IC50,330.0,nM,6.48,1147876,CHEMBL5737905,9,CHEMBL4531,CHEMBL5729012,8itz,P17931
CHEMBL5873542,O=S(=O)(Nc1nccs1)c1ccc(-n2cnnc2[C@@H]2O[C@H](CO)[C@H](O)[C@H](n3cc(-c4cc(F)c(F)c(F)c4)nn3)[C@H]2O)cc1,IC50,760.0,nM,6.12,1147877,CHEMBL5737905,9,CHEMBL4531,CHEMBL5729012,8itz,P17931
CHEMBL5910947,OC[C@H]1O[C@@H](c2nncn2-c2ccc3ncccc3c2)[C@H](O)[C@@H](n2cc(-c3cc(F)c(F)c(F)c3)nn2)[C@H]1O,IC50,50.0,nM,7.3,1147878,CHEMBL5737905,9,CHEMBL4531,CHEMBL5729012,8itz,P17931
CHEMBL5802949,OC[C@H]1O[C@@H](c2nncn2-c2cccc(OCc3ccccc3)c2)[C@H](O)[C@@H](n2cc(-c3cc(F)c(F)c(F)c3)nn2)[C@H]1O,IC50,370.0,nM,6.43,1147879,CHEMBL5737905,9,CHEMBL4531,CHEMBL5729012,8itz,P17931
CHEMBL5896518,OC[C@H]1O[C@@H](c2nncn2-c2ccc(-n3cccc3)cc2)[C@H](O)[C@@H](n2cc(-c3cc(F)c(F)c(F)c3)nn2)[C@H]1O,IC50,520.0,nM,6.28,1147880,CHEMBL5737905,9,CHEMBL4531,CHEMBL5729012,8itz,P17931
CHEMBL5798758,Cc1nnc(NS(=O)(=O)c2ccc(-n3cnnc3[C@@H]3O[C@H](CO)[C@H](O)[C@H](n4cc(-c5cc(F)c(F)c(F)c5)nn4)[C@H]3O)cc2)s1,IC50,1550.0,nM,5.81,1147881,CHEMBL5737905,9,CHEMBL4531,CHEMBL5729012,8itz,P17931
CHEMBL5968992,OC[C@H]1O[C@@H](c2nncn2-c2ccc(-c3nnn[nH]3)cc2)[C@H](O)[C@@H](n2cc(-c3cc(F)c(F)c(F)c3)nn2)[C@H]1O,IC50,820.0,nM,6.09,1147882,CHEMBL5737905,9,CHEMBL4531,CHEMBL5729012,8itz,P17931
CHEMBL5866934,OC[C@H]1O[C@@H](c2nncn2-c2cccc(-c3nnn[nH]3)c2)[C@H](O)[C@@H](n2cc(-c3cc(F)c(F)c(F)c3)nn2)[C@H]1O,IC50,640.0,nM,6.19,1147883,CHEMBL5737905,9,CHEMBL4531,CHEMBL5729012,8itz,P17931
CHEMBL5999261,CS(=O)(=O)Nc1cccc(-n2cnnc2[C@@H]2O[C@H](CO)[C@H](O)[C@H](n3cc(-c4cc(F)c(F)c(F)c4)nn3)[C@H]2O)c1,IC50,480.0,nM,6.32,1147884,CHEMBL5737905,9,CHEMBL4531,CHEMBL5729012,8itz,P17931
CHEMBL5898049,CNS(=O)(=O)Cc1ccc(-n2cnnc2[C@@H]2O[C@H](CO)[C@H](O)[C@H](n3cc(-c4cc(F)c(F)c(F)c4)nn3)[C@H]2O)cc1,IC50,260.0,nM,6.58,1147885,CHEMBL5737905,9,CHEMBL4531,CHEMBL5729012,8itz,P17931
CHEMBL5812076,CN(C)S(=O)(=O)c1ccc(-n2cnnc2[C@@H]2O[C@H](CO)[C@H](O)[C@H](n3cc(-c4cc(F)c(F)c(F)c4)nn3)[C@H]2O)cc1,IC50,11110.0,nM,4.95,1147886,CHEMBL5737905,9,CHEMBL4531,CHEMBL5729012,8itz,P17931
CHEMBL5983744,NS(=O)(=O)c1ccc(-n2cnnc2[C@@H]2O[C@H](CO)[C@H](O)[C@H](n3cc(-c4cc(F)c(F)c(F)c4)nn3)[C@H]2O)cc1,IC50,670.0,nM,6.17,1147887,CHEMBL5737905,9,CHEMBL4531,CHEMBL5729012,8itz,P17931
CHEMBL5994149,OC[C@H]1O[C@@H](c2nncn2-c2ccc(-n3ccnc3)cc2)[C@H](O)[C@@H](n2cc(-c3cc(F)c(F)c(F)c3)nn2)[C@H]1O,IC50,1460.0,nM,5.84,1147888,CHEMBL5737905,9,CHEMBL4531,CHEMBL5729012,8itz,P17931
CHEMBL6050063,OC[C@H]1O[C@@H](c2nncn2-c2cc(Cl)cc(C(F)(F)F)c2)[C@H](O)[C@@H](n2cc(-c3cc(F)c(F)c(F)c3)nn2)[C@H]1O,IC50,160.0,nM,6.8,1147889,CHEMBL5737905,9,CHEMBL4531,CHEMBL5729012,8itz,P17931
CHEMBL5963115,OC[C@H]1O[C@@H](c2nncn2Cc2ccc(Cl)c(Cl)c2)[C@H](O)[C@@H](n2cc(-c3cc(F)c(F)c(F)c3)nn2)[C@H]1O,IC50,2790.0,nM,5.55,1147890,CHEMBL5737905,9,CHEMBL4531,CHEMBL5729012,8itz,P17931
CHEMBL6049583,OC[C@H]1O[C@@H](c2nncn2-c2ccc3ncsc3c2)[C@H](O)[C@@H](n2cc(-c3cc(F)c(F)c(F)c3)nn2)[C@H]1O,IC50,30.0,nM,7.52,1147891,CHEMBL5737905,9,CHEMBL4531,CHEMBL5729012,8itz,P17931
CHEMBL5777796,O=C1CCc2cc(-n3cnnc3[C@@H]3O[C@H](CO)[C@H](O)[C@H](n4cc(-c5cc(F)c(F)c(F)c5)nn4)[C@H]3O)ccc2N1,IC50,260.0,nM,6.58,1147892,CHEMBL5737905,9,CHEMBL4531,CHEMBL5729012,8itz,P17931
CHEMBL5785924,OC[C@H]1O[C@@H](c2nncn2-c2ncccn2)[C@H](O)[C@@H](n2cc(-c3cc(F)c(F)c(F)c3)nn2)[C@H]1O,IC50,3940.0,nM,5.41,1147893,CHEMBL5737905,9,CHEMBL4531,CHEMBL5729012,8itz,P17931
CHEMBL5930970,OC[C@H]1O[C@@H](c2nncn2-c2cnc3ccccc3c2)[C@H](O)[C@@H](n2cc(-c3cc(F)c(F)c(F)c3)nn2)[C@H]1O,IC50,100.0,nM,7.0,1147894,CHEMBL5737905,9,CHEMBL4531,CHEMBL5729012,8itz,P17931
CHEMBL5783943,OC[C@H]1O[C@@H](c2nncn2-c2ccc3nccnc3c2)[C@H](O)[C@@H](n2cc(-c3cc(F)c(F)c(F)c3)nn2)[C@H]1O,IC50,400.0,nM,6.4,1147895,CHEMBL5737905,9,CHEMBL4531,CHEMBL5729012,8itz,P17931
CHEMBL5909099,OC[C@H]1O[C@@H](c2nncn2-c2cnccn2)[C@H](O)[C@@H](n2cc(-c3cc(F)c(F)c(F)c3)nn2)[C@H]1O,IC50,10000.0,nM,5.0,1147896,CHEMBL5737905,9,CHEMBL4531,CHEMBL5729012,8itz,P17931
CHEMBL5760281,OC[C@H]1O[C@@H](c2nncn2-c2ccc3ccncc3c2)[C@H](O)[C@@H](n2cc(-c3cc(F)c(F)c(F)c3)nn2)[C@H]1O,IC50,270.0,nM,6.57,1147897,CHEMBL5737905,9,CHEMBL4531,CHEMBL5729012,8itz,P17931
CHEMBL5765416,OC[C@H]1O[C@@H](c2nncn2Cc2cccs2)[C@H](O)[C@@H](n2cc(-c3cc(F)c(F)c(F)c3)nn2)[C@H]1O,IC50,1280.0,nM,5.89,1147898,CHEMBL5737905,9,CHEMBL4531,CHEMBL5729012,8itz,P17931
CHEMBL5942961,CS(=O)(=O)c1cccc(-n2cnnc2[C@@H]2O[C@H](CO)[C@H](O)[C@H](n3cc(-c4cc(F)c(F)c(F)c4)nn3)[C@H]2O)c1,IC50,310.0,nM,6.51,1147899,CHEMBL5737905,9,CHEMBL4531,CHEMBL5729012,8itz,P17931
CHEMBL5846701,CS(=O)(=O)c1cc(-n2cnnc2[C@@H]2O[C@H](CO)[C@H](O)[C@H](n3cc(-c4cc(F)c(F)c(F)c4)nn3)[C@H]2O)ccc1F,IC50,600.0,nM,6.22,1147900,CHEMBL5737905,9,CHEMBL4531,CHEMBL5729012,8itz,P17931
CHEMBL5893652,OC[C@H]1O[C@@H](c2nncn2Cc2nc3ccccc3s2)[C@H](O)[C@@H](n2cc(-c3cc(F)c(F)c(F)c3)nn2)[C@H]1O,IC50,320.0,nM,6.5,1147901,CHEMBL5737905,9,CHEMBL4531,CHEMBL5729012,8itz,P17931
CHEMBL5850465,Cc1nc2ccc(-n3cnnc3[C@@H]3O[C@H](CO)[C@H](O)[C@H](n4cc(-c5cc(F)c(F)c(F)c5)nn4)[C@H]3O)cc2s1,IC50,20.0,nM,7.7,1147902,CHEMBL5737905,9,CHEMBL4531,CHEMBL5729012,8itz,P17931
CHEMBL5855865,COc1cc(-n2cnnc2[C@@H]2O[C@H](CO)[C@H](O)[C@H](n3cc(-c4cc(F)c(F)c(F)c4)nn3)[C@H]2O)ccn1,IC50,200.0,nM,6.7,1147903,CHEMBL5737905,9,CHEMBL4531,CHEMBL5729012,8itz,P17931
CHEMBL5858118,COc1cccc(-n2cnnc2[C@@H]2O[C@H](CO)[C@H](O)[C@H](n3cc(-c4cc(F)c(F)c(F)c4)nn3)[C@H]2O)n1,IC50,570.0,nM,6.24,1147904,CHEMBL5737905,9,CHEMBL4531,CHEMBL5729012,8itz,P17931
CHEMBL5819243,OC[C@H]1O[C@@H](c2nncn2-c2cc(Cl)ccc2Cl)[C@H](O)[C@@H](n2cc(-c3cc(F)c(F)c(F)c3)nn2)[C@H]1O,IC50,30.0,nM,7.52,1147905,CHEMBL5737905,9,CHEMBL4531,CHEMBL5729012,8itz,P17931
CHEMBL5935022,Cn1c(=O)sc2cc(-n3cnnc3[C@@H]3O[C@H](CO)[C@H](O)[C@H](n4cc(-c5cc(F)c(F)c(F)c5)nn4)[C@H]3O)ccc21,IC50,310.0,nM,6.51,1147906,CHEMBL5737905,9,CHEMBL4531,CHEMBL5729012,8itz,P17931
CHEMBL5910752,Cc1nc2cc(F)c(-n3cnnc3[C@@H]3O[C@H](CO)[C@H](O)[C@H](n4cc(-c5cc(F)c(F)c(F)c5)nn4)[C@H]3O)cc2s1,IC50,80.0,nM,7.1,1147907,CHEMBL5737905,9,CHEMBL4531,CHEMBL5729012,8itz,P17931
CHEMBL5975459,Cc1ncc(Cl)cc1-n1cnnc1[C@@H]1O[C@H](CO)[C@H](O)[C@H](n2cc(-c3cc(F)c(F)c(F)c3)nn2)[C@H]1O,IC50,40.0,nM,7.4,1147908,CHEMBL5737905,9,CHEMBL4531,CHEMBL5729012,8itz,P17931
CHEMBL6040371,Cc1nc2cccc(-n3cnnc3[C@@H]3O[C@H](CO)[C@H](O)[C@H](n4cc(-c5cc(F)c(F)c(F)c5)nn4)[C@H]3O)c2s1,IC50,260.0,nM,6.58,1147909,CHEMBL5737905,9,CHEMBL4531,CHEMBL5729012,8itz,P17931
CHEMBL5796776,OC[C@H]1O[C@@H](c2nncn2-c2cc(F)cc(Cl)c2)[C@H](O)[C@@H](n2cc(-c3cc(F)c(F)c(F)c3)nn2)[C@H]1O,IC50,130.0,nM,6.89,1147910,CHEMBL5737905,9,CHEMBL4531,CHEMBL5729012,8itz,P17931
CHEMBL5958248,CN1CCN(c2ccc(-n3cnnc3[C@@H]3O[C@H](CO)[C@H](O)[C@H](n4cc(-c5cc(F)c(F)c(F)c5)nn4)[C@H]3O)cc2Cl)CC1,IC50,130.0,nM,6.89,1147911,CHEMBL5737905,9,CHEMBL4531,CHEMBL5729012,8itz,P17931
CHEMBL5851714,Cc1nc2cc(-n3cnnc3[C@@H]3O[C@H](CO)[C@H](O)[C@H](n4cc(-c5cc(F)c(F)c(F)c5)nn4)[C@H]3O)ccc2s1,IC50,410.0,nM,6.39,1147912,CHEMBL5737905,9,CHEMBL4531,CHEMBL5729012,8itz,P17931
CHEMBL5754105,CC(=O)N1CCN(c2ccc(-n3cnnc3[C@@H]3O[C@H](CO)[C@H](O)[C@H](n4cc(-c5cc(F)c(F)c(F)c5)nn4)[C@H]3O)cc2Cl)CC1,IC50,300.0,nM,6.52,1147913,CHEMBL5737905,9,CHEMBL4531,CHEMBL5729012,8itz,P17931
CHEMBL5977147,COc1ccc(-n2cnnc2[C@@H]2O[C@H](CO)[C@H](O)[C@H](n3cc(-c4cc(F)c(F)c(F)c4)nn3)[C@H]2O)cc1Cl,IC50,230.0,nM,6.64,1147914,CHEMBL5737905,9,CHEMBL4531,CHEMBL5729012,8itz,P17931
CHEMBL5818349,CSc1cccc(-n2cnnc2[C@@H]2O[C@H](CO)[C@H](O)[C@H](n3cc(-c4cc(F)c(F)c(F)c4)nn3)[C@H]2O)c1,IC50,50.0,nM,7.3,1147915,CHEMBL5737905,9,CHEMBL4531,CHEMBL5729012,8itz,P17931
CHEMBL5782927,CSc1cc(Cl)cc(-n2cnnc2[C@@H]2O[C@H](CO)[C@H](O)[C@H](n3cc(-c4cc(F)c(F)c(F)c4)nn3)[C@H]2O)c1,IC50,60.0,nM,7.22,1147916,CHEMBL5737905,9,CHEMBL4531,CHEMBL5729012,8itz,P17931
CHEMBL5868914,Cc1nc2c(Cl)cc(-n3cnnc3[C@@H]3O[C@H](CO)[C@H](O)[C@H](n4cc(-c5cc(F)c(F)c(F)c5)nn4)[C@H]3O)cc2s1,IC50,80.0,nM,7.1,1147917,CHEMBL5737905,9,CHEMBL4531,CHEMBL5729012,8itz,P17931
CHEMBL6067944,Cc1nc2cc(C)c(-n3cnnc3[C@@H]3O[C@H](CO)[C@H](O)[C@H](n4cc(-c5cc(F)c(F)c(F)c5)nn4)[C@H]3O)cc2s1,IC50,30.0,nM,7.52,1147918,CHEMBL5737905,9,CHEMBL4531,CHEMBL5729012,8itz,P17931
CHEMBL6067945,OC[C@H]1O[C@@H](c2nncn2-c2ccc3c(Cl)nsc3c2)[C@H](O)[C@@H](n2cc(-c3cc(F)c(F)c(F)c3)nn2)[C@H]1O,IC50,160.0,nM,6.8,1147919,CHEMBL5737905,9,CHEMBL4531,CHEMBL5729012,8itz,P17931
CHEMBL6067946,OC[C@H]1O[C@@H](c2nncn2-c2ccc3nc(N4CCOCC4)sc3c2)[C@H](O)[C@@H](n2cc(-c3cc(F)c(F)c(F)c3)nn2)[C@H]1O,IC50,110.0,nM,6.96,1147920,CHEMBL5737905,9,CHEMBL4531,CHEMBL5729012,8itz,P17931
CHEMBL5970542,COc1cccc(-n2cnnc2[C@@H]2O[C@H](CO)[C@H](O)[C@H](n3cc(-c4cc(F)c(F)c(F)c4)nn3)[C@H]2O)c1,IC50,160.0,nM,6.8,1147921,CHEMBL5737905,9,CHEMBL4531,CHEMBL5729012,8itz,P17931
CHEMBL5764692,N#Cc1cccc(-n2cnnc2[C@@H]2O[C@H](CO)[C@H](O)[C@H](n3cc(-c4cc(F)c(F)c(F)c4)nn3)[C@H]2O)c1,IC50,140.0,nM,6.85,1147922,CHEMBL5737905,9,CHEMBL4531,CHEMBL5729012,8itz,P17931
CHEMBL6031328,OC[C@H]1O[C@@H](c2nncn2-c2cccc(F)c2)[C@H](O)[C@@H](n2cc(-c3cc(F)c(F)c(F)c3)nn2)[C@H]1O,IC50,80.0,nM,7.1,1147923,CHEMBL5737905,9,CHEMBL4531,CHEMBL5729012,8itz,P17931
CHEMBL5889297,Cc1cccc(-n2cnnc2[C@@H]2O[C@H](CO)[C@H](O)[C@H](n3cc(-c4cc(F)c(F)c(F)c4)nn3)[C@H]2O)c1,IC50,150.0,nM,6.82,1147924,CHEMBL5737905,9,CHEMBL4531,CHEMBL5729012,8itz,P17931
CHEMBL5796866,OC[C@H]1O[C@@H](c2nncn2-c2ccc(F)c(Cl)c2)[C@H](O)[C@@H](n2cc(-c3cc(F)c(F)c(F)c3)nn2)[C@H]1O,IC50,50.0,nM,7.3,1147925,CHEMBL5737905,9,CHEMBL4531,CHEMBL5729012,8itz,P17931
CHEMBL5801116,OC[C@H]1O[C@@H](c2nncn2-c2ccc3nc[nH]c3c2)[C@H](O)[C@@H](n2cc(-c3cc(F)c(F)c(F)c3)nn2)[C@H]1O,IC50,30.0,nM,7.52,1147926,CHEMBL5737905,9,CHEMBL4531,CHEMBL5729012,8itz,P17931
CHEMBL5934094,OC[C@H]1O[C@@H](c2nncn2Cc2nccs2)[C@H](O)[C@@H](n2cc(-c3cc(F)c(F)c(F)c3)nn2)[C@H]1O,IC50,2150.0,nM,5.67,1147927,CHEMBL5737905,9,CHEMBL4531,CHEMBL5729012,8itz,P17931
CHEMBL6064058,CC(=O)Nc1ccc(-n2cnnc2[C@@H]2O[C@H](CO)[C@H](O)[C@H](n3cc(-c4cc(F)c(F)c(F)c4)nn3)[C@H]2O)cc1O,IC50,840.0,nM,6.08,1147928,CHEMBL5737905,9,CHEMBL4531,CHEMBL5729012,8itz,P17931
CHEMBL5758108,Cc1nc2ccc(-n3cnnc3[C@@H]3O[C@H](CO)[C@H](O)[C@H](n4cc(-c5cc(F)c(F)c(F)c5)nn4)[C@H]3O)cc2[nH]1,IC50,330.0,nM,6.48,1147929,CHEMBL5737905,9,CHEMBL4531,CHEMBL5729012,8itz,P17931
CHEMBL5847562,OC[C@H]1O[C@@H](c2nncn2-c2cncc(F)c2)[C@H](O)[C@@H](n2cc(-c3cc(F)c(F)c(F)c3)nn2)[C@H]1O,IC50,380.0,nM,6.42,1147930,CHEMBL5737905,9,CHEMBL4531,CHEMBL5729012,8itz,P17931
CHEMBL5847562,OC[C@H]1O[C@@H](c2nncn2-c2cncc(F)c2)[C@H](O)[C@@H](n2cc(-c3cc(F)c(F)c(F)c3)nn2)[C@H]1O,IC50,380.0,nM,6.42,1147930,CHEMBL5737905,9,CHEMBL4531,CHEMBL5729012,8itz,P17931
CHEMBL5847562,OC[C@H]1O[C@@H](c2nncn2-c2cncc(F)c2)[C@H](O)[C@@H](n2cc(-c3cc(F)c(F)c(F)c3)nn2)[C@H]1O,IC50,530.0,nM,6.28,1147931,CHEMBL5737905,9,CHEMBL4531,CHEMBL5729012,8itz,P17931
CHEMBL5847562,OC[C@H]1O[C@@H](c2nncn2-c2cncc(F)c2)[C@H](O)[C@@H](n2cc(-c3cc(F)c(F)c(F)c3)nn2)[C@H]1O,IC50,530.0,nM,6.28,1147931,CHEMBL5737905,9,CHEMBL4531,CHEMBL5729012,8itz,P17931
CHEMBL6059315,COC(=O)c1cc2ccc(-n3cnnc3[C@@H]3O[C@H](CO)[C@H](O)[C@H](n4cc(-c5cc(F)c(F)c(F)c5)nn4)[C@H]3O)cc2s1,IC50,220.0,nM,6.66,1147932,CHEMBL5737905,9,CHEMBL4531,CHEMBL5729012,8itz,P17931
CHEMBL5892719,OC[C@H]1O[C@@H](c2nncn2-c2ccc3cn[nH]c3c2)[C@H](O)[C@@H](n2cc(-c3cc(F)c(F)c(F)c3)nn2)[C@H]1O,IC50,630.0,nM,6.2,1147933,CHEMBL5737905,9,CHEMBL4531,CHEMBL5729012,8itz,P17931
CHEMBL6020634,OC[C@H]1O[C@@H](c2nncn2-c2cccc3cc[nH]c23)[C@H](O)[C@@H](n2cc(-c3cc(F)c(F)c(F)c3)nn2)[C@H]1O,IC50,930.0,nM,6.03,1147934,CHEMBL5737905,9,CHEMBL4531,CHEMBL5729012,8itz,P17931
CHEMBL5903067,Cn1ncc2ccc(-n3cnnc3[C@@H]3O[C@H](CO)[C@H](O)[C@H](n4cc(-c5cc(F)c(F)c(F)c5)nn4)[C@H]3O)cc21,IC50,150.0,nM,6.82,1147935,CHEMBL5737905,9,CHEMBL4531,CHEMBL5729012,8itz,P17931
CHEMBL5763390,Cn1cc2ccc(-n3cnnc3[C@@H]3O[C@H](CO)[C@H](O)[C@H](n4cc(-c5cc(F)c(F)c(F)c5)nn4)[C@H]3O)cc2n1,IC50,300.0,nM,6.52,1147936,CHEMBL5737905,9,CHEMBL4531,CHEMBL5729012,8itz,P17931
CHEMBL5898435,Cc1nc2cc(-n3cnnc3[C@@H]3O[C@H](CO)[C@H](O)[C@H](n4cc(-c5cc(F)c(F)c(F)c5)nn4)[C@H]3O)ccc2n1C,IC50,500.0,nM,6.3,1147937,CHEMBL5737905,9,CHEMBL4531,CHEMBL5729012,8itz,P17931
CHEMBL5820387,Cc1nc2ccc(-n3cnnc3[C@@H]3O[C@H](CO)[C@H](O)[C@H](n4cc(-c5cc(F)c(F)c(F)c5)nn4)[C@H]3O)cc2n1C,IC50,280.0,nM,6.55,1147938,CHEMBL5737905,9,CHEMBL4531,CHEMBL5729012,8itz,P17931
CHEMBL5980433,OC[C@H]1O[C@@H](c2ncnn2[C@@H]2CCCC[C@H]2O)[C@H](O)[C@@H](n2cc(-c3cc(F)c(F)c(F)c3)nn2)[C@H]1O,IC50,2020.0,nM,5.7,1147939,CHEMBL5737905,9,CHEMBL4531,CHEMBL5729012,8itz,P17931
CHEMBL5860771,OC[C@H]1O[C@@H](c2ncnn2C2CCNCC2)[C@H](O)[C@@H](n2cc(-c3cc(F)c(F)c(F)c3)nn2)[C@H]1O,IC50,3840.0,nM,5.42,1147940,CHEMBL5737905,9,CHEMBL4531,CHEMBL5729012,8itz,P17931
CHEMBL5940331,OC[C@H]1O[C@@H](c2ncnn2-c2ccc(Cl)c(Cl)c2)C[C@@H](n2cc(-c3cc(F)c(F)c(F)c3)nn2)[C@H]1O,IC50,300.0,nM,6.52,1147941,CHEMBL5737905,9,CHEMBL4531,CHEMBL5729012,8itz,P17931
CHEMBL6064477,NC(=O)c1cccc(-n2ncnc2[C@H]2C[C@@H](n3cc(-c4cc(F)c(F)c(F)c4)nn3)[C@@H](O)[C@@H](CO)O2)c1,IC50,650.0,nM,6.19,1147942,CHEMBL5737905,9,CHEMBL4531,CHEMBL5729012,8itz,P17931
CHEMBL5950249,Cc1nc2ccc(-n3ncnc3[C@H]3C[C@@H](n4cc(-c5cc(F)c(F)c(F)c5)nn4)[C@@H](O)[C@@H](CO)O3)cc2s1,IC50,40.0,nM,7.4,1147943,CHEMBL5737905,9,CHEMBL4531,CHEMBL5729012,8itz,P17931
CHEMBL6014193,OC[C@H]1O[C@@H](c2ncnn2-c2cc(Cl)ccc2Cl)C[C@@H](n2cc(-c3cc(F)c(F)c(F)c3)nn2)[C@H]1O,IC50,130.0,nM,6.89,1147944,CHEMBL5737905,9,CHEMBL4531,CHEMBL5729012,8itz,P17931
CHEMBL5962469,Cc1ccc(Cl)cc1-n1ncnc1[C@H]1C[C@@H](n2cc(-c3cc(F)c(F)c(F)c3)nn2)[C@@H](O)[C@@H](CO)O1,IC50,250.0,nM,6.6,1147945,CHEMBL5737905,9,CHEMBL4531,CHEMBL5729012,8itz,P17931
CHEMBL5877233,OC[C@H]1O[C@@H](c2ncnn2-c2cc(Cl)ccc2F)C[C@@H](n2cc(-c3cc(F)c(F)c(F)c3)nn2)[C@H]1O,IC50,250.0,nM,6.6,1147946,CHEMBL5737905,9,CHEMBL4531,CHEMBL5729012,8itz,P17931
CHEMBL6020411,COc1ccc(Cl)cc1-n1ncnc1[C@H]1C[C@@H](n2cc(-c3cc(F)c(F)c(F)c3)nn2)[C@@H](O)[C@@H](CO)O1,IC50,210.0,nM,6.68,1147947,CHEMBL5737905,9,CHEMBL4531,CHEMBL5729012,8itz,P17931
CHEMBL5794526,OC[C@H]1O[C@@H](c2ncnn2-c2ccc3ncsc3c2)C[C@@H](n2cc(-c3cc(F)c(F)c(F)c3)nn2)[C@H]1O,IC50,40.0,nM,7.4,1147948,CHEMBL5737905,9,CHEMBL4531,CHEMBL5729012,8itz,P17931
CHEMBL6002457,Cc1nc2cc(Cl)c(-n3ncnc3[C@H]3C[C@@H](n4cc(-c5cc(F)c(F)c(F)c5)nn4)[C@@H](O)[C@@H](CO)O3)cc2s1,IC50,120.0,nM,6.92,1147949,CHEMBL5737905,9,CHEMBL4531,CHEMBL5729012,8itz,P17931
CHEMBL5892476,Cc1nc([C@H]2C[C@@H](n3cc(-c4cc(F)c(F)c(F)c4)nn3)[C@@H](O)[C@@H](CO)O2)n(-c2cc(Cl)ccc2C)n1,IC50,90.0,nM,7.05,1147950,CHEMBL5737905,9,CHEMBL4531,CHEMBL5729012,8itz,P17931
CHEMBL5985915,Cc1nc([C@H]2C[C@@H](n3cc(-c4cc(F)c(F)c(F)c4)nn3)[C@@H](O)[C@@H](CO)O2)n(-c2cc(Cl)ccc2F)n1,IC50,170.0,nM,6.77,1147951,CHEMBL5737905,9,CHEMBL4531,CHEMBL5729012,8itz,P17931
CHEMBL5999610,Cc1nc([C@H]2C[C@@H](n3cc(-c4cc(F)c(F)c(F)c4)nn3)[C@@H](O)[C@@H](CO)O2)n(-c2ccc3ncsc3c2)n1,IC50,50.0,nM,7.3,1147952,CHEMBL5737905,9,CHEMBL4531,CHEMBL5729012,8itz,P17931
CHEMBL5934967,Cc1nc([C@H]2C[C@@H](n3cc(-c4cc(F)c(F)c(F)c4)nn3)[C@@H](O)[C@@H](CO)O2)n(-c2ccc3nc(C)sc3c2)n1,IC50,110.0,nM,6.96,1147953,CHEMBL5737905,9,CHEMBL4531,CHEMBL5729012,8itz,P17931
CHEMBL5931714,CO[C@@H]1[C@@H](n2cc(-c3cc(F)c(F)c(F)c3)nn2)[C@@H](O)[C@@H](CO)O[C@H]1c1ncnn1-c1cccc(Cl)c1,IC50,90.0,nM,7.05,1147954,CHEMBL5737905,9,CHEMBL4531,CHEMBL5729012,8itz,P17931
CHEMBL5931714,CO[C@@H]1[C@@H](n2cc(-c3cc(F)c(F)c(F)c3)nn2)[C@@H](O)[C@@H](CO)O[C@H]1c1ncnn1-c1cccc(Cl)c1,IC50,90.0,nM,7.05,1147954,CHEMBL5737905,9,CHEMBL4531,CHEMBL5729012,8itz,P17931
CHEMBL5907335,CO[C@@H]1[C@@H](n2cc(-c3cc(F)c(F)c(F)c3)nn2)[C@@H](O)[C@@H](CO)O[C@H]1c1ncnn1-c1ccc(Cl)c(Cl)c1,IC50,180.0,nM,6.75,1147955,CHEMBL5737905,9,CHEMBL4531,CHEMBL5729012,8itz,P17931
CHEMBL5789718,CO[C@@H]1[C@@H](n2cc(-c3cc(F)c(F)c(F)c3)nn2)[C@@H](O)[C@@H](CO)O[C@H]1c1ncnn1-c1ccc2nc(C)sc2c1,IC50,60.0,nM,7.22,1147956,CHEMBL5737905,9,CHEMBL4531,CHEMBL5729012,8itz,P17931
CHEMBL5826329,CO[C@@H]1[C@@H](n2cc(-c3cc(F)c(F)c(F)c3)nn2)[C@@H](O)[C@@H](CO)O[C@H]1c1ncnn1-c1ccc2ncsc2c1,IC50,40.0,nM,7.4,1147957,CHEMBL5737905,9,CHEMBL4531,CHEMBL5729012,8itz,P17931
CHEMBL5946277,Cc1nc2ccc(-n3ncnc3[C@@H]3O[C@H](CO)[C@H](O)[C@H](n4cc(C(N)=O)nn4)[C@H]3O)cc2s1,IC50,4090.0,nM,5.39,1147958,CHEMBL5737905,9,CHEMBL4531,CHEMBL5729012,8itz,P17931
CHEMBL6052968,CNC(=O)c1cn([C@H]2[C@@H](O)[C@@H](CO)O[C@@H](c3ncnn3-c3ccc4nc(C)sc4c3)[C@@H]2O)nn1,IC50,1160.0,nM,5.94,1147959,CHEMBL5737905,9,CHEMBL4531,CHEMBL5729012,8itz,P17931
CHEMBL5991507,Cc1nc2ccc(-n3ncnc3[C@@H]3O[C@H](CO)[C@H](O)[C@H](n4cc(C(=O)N(C)C)nn4)[C@H]3O)cc2s1,IC50,5650.0,nM,5.25,1147960,CHEMBL5737905,9,CHEMBL4531,CHEMBL5729012,8itz,P17931
CHEMBL5777907,Cc1nc2ccc(-n3ncnc3[C@@H]3O[C@H](CO)[C@H](O)[C@H](n4cc(C(=O)NC5CCCC5)nn4)[C@H]3O)cc2s1,IC50,1320.0,nM,5.88,1147961,CHEMBL5737905,9,CHEMBL4531,CHEMBL5729012,8itz,P17931
CHEMBL5970609,Cc1nc2ccc(-n3ncnc3[C@@H]3O[C@H](CO)[C@H](O)[C@H](n4cc(C(=O)NC5CCCCC5)nn4)[C@H]3O)cc2s1,IC50,1020.0,nM,5.99,1147962,CHEMBL5737905,9,CHEMBL4531,CHEMBL5729012,8itz,P17931
CHEMBL5777372,Cc1nc2ccc(-n3ncnc3[C@@H]3O[C@H](CO)[C@H](O)[C@H](n4cc(C(=O)NC5CCC5)nn4)[C@H]3O)cc2s1,IC50,360.0,nM,6.44,1147963,CHEMBL5737905,9,CHEMBL4531,CHEMBL5729012,8itz,P17931
CHEMBL5896577,Cc1nc2ccc(-n3ncnc3[C@@H]3O[C@H](CO)[C@H](O)[C@H](n4cc(C(=O)NCc5cccc(F)c5)nn4)[C@H]3O)cc2s1,IC50,860.0,nM,6.07,1147964,CHEMBL5737905,9,CHEMBL4531,CHEMBL5729012,8itz,P17931
CHEMBL6039030,Cc1nc2ccc(-n3ncnc3[C@@H]3O[C@H](CO)[C@H](O)[C@H](n4cc(-c5ccc(N)c(F)c5)nn4)[C@H]3O)cc2s1,IC50,440.0,nM,6.36,1147965,CHEMBL5737905,9,CHEMBL4531,CHEMBL5729012,8itz,P17931
CHEMBL5981686,Cc1nc2ccc(-n3ncnc3[C@@H]3O[C@H](CO)[C@H](O)[C@H](n4cc(-c5ccc(NS(C)(=O)=O)c(F)c5)nn4)[C@H]3O)cc2s1,IC50,2120.0,nM,5.67,1147966,CHEMBL5737905,9,CHEMBL4531,CHEMBL5729012,8itz,P17931
CHEMBL5976334,CC(=O)Nc1ccc(-c2cn([C@H]3[C@@H](O)[C@@H](CO)O[C@@H](c4ncnn4-c4ccc5nc(C)sc5c4)[C@@H]3O)nn2)cc1F,IC50,5000.0,nM,5.3,1147967,CHEMBL5737905,9,CHEMBL4531,CHEMBL5729012,8itz,P17931
CHEMBL5971255,COC(=O)Nc1ccc(-c2cn([C@H]3[C@@H](O)[C@@H](CO)O[C@@H](c4ncnn4-c4ccc5nc(C)sc5c4)[C@@H]3O)nn2)cc1F,IC50,1110.0,nM,5.96,1147968,CHEMBL5737905,9,CHEMBL4531,CHEMBL5729012,8itz,P17931
CHEMBL5871146,Cc1nc2ccc(-n3ncnc3[C@@H]3O[C@H](CO)[C@H](O)[C@H](n4cc(-c5ccc(N(C)C)c(F)c5)nn4)[C@H]3O)cc2s1,IC50,1540.0,nM,5.81,1147969,CHEMBL5737905,9,CHEMBL4531,CHEMBL5729012,8itz,P17931
CHEMBL5832684,CNc1ccc(-c2cn([C@H]3[C@@H](O)[C@@H](CO)O[C@@H](c4ncnn4-c4ccc5nc(C)sc5c4)[C@@H]3O)nn2)cc1F,IC50,740.0,nM,6.13,1147970,CHEMBL5737905,9,CHEMBL4531,CHEMBL5729012,8itz,P17931
CHEMBL6037491,Cc1nc2ccc(-n3ncnc3[C@@H]3O[C@H](CO)[C@H](O)[C@H](n4cc(-c5ccc(N(C)S(C)(=O)=O)c(F)c5)nn4)[C@H]3O)cc2s1,IC50,3820.0,nM,5.42,1147971,CHEMBL5737905,9,CHEMBL4531,CHEMBL5729012,8itz,P17931
CHEMBL5847971,Cc1nc2ccc(-n3ncnc3[C@@H]3O[C@H](CO)[C@H](O)[C@H](n4cc(-c5ccc(C(F)(F)F)c(F)c5)nn4)[C@H]3O)cc2s1,IC50,80.0,nM,7.1,1147972,CHEMBL5737905,9,CHEMBL4531,CHEMBL5729012,8itz,P17931
CHEMBL5984575,Cc1nc2ccc(-n3ncnc3[C@@H]3O[C@H](CO)[C@H](O)[C@H](n4cc(-c5cc(F)c(Cl)c(F)c5)nn4)[C@H]3O)cc2s1,IC50,40.0,nM,7.4,1147973,CHEMBL5737905,9,CHEMBL4531,CHEMBL5729012,8itz,P17931
CHEMBL6034753,Cc1nc2ccc(-n3ncnc3[C@@H]3O[C@H](CO)[C@H](O)[C@H](n4cc(-c5ccc(Cl)c(Cl)c5)nn4)[C@H]3O)cc2s1,IC50,60.0,nM,7.22,1147974,CHEMBL5737905,9,CHEMBL4531,CHEMBL5729012,8itz,P17931
CHEMBL6050370,Cc1nc2ccc(-n3ncnc3[C@@H]3O[C@H](CO)[C@H](O)[C@H](n4cc(-c5ccc(C)c(F)c5)nn4)[C@H]3O)cc2s1,IC50,60.0,nM,7.22,1147975,CHEMBL5737905,9,CHEMBL4531,CHEMBL5729012,8itz,P17931
CHEMBL5757371,Cc1nc2ccc(-n3ncnc3[C@@H]3O[C@H](CO)[C@H](O)[C@H](n4cc(-c5cccc(F)c5)nn4)[C@H]3O)cc2s1,IC50,120.0,nM,6.92,1147976,CHEMBL5737905,9,CHEMBL4531,CHEMBL5729012,8itz,P17931
CHEMBL5796174,Cc1nc2ccc(-n3ncnc3[C@@H]3O[C@H](CO)[C@H](O)[C@H](n4cc(-c5ccccc5)nn4)[C@H]3O)cc2s1,IC50,600.0,nM,6.22,1147977,CHEMBL5737905,9,CHEMBL4531,CHEMBL5729012,8itz,P17931
CHEMBL5748270,Cc1nc2ccc(-n3ncnc3[C@@H]3O[C@H](CO)[C@H](O)[C@H](n4cc(-c5cc(F)cc(F)c5)nn4)[C@H]3O)cc2s1,IC50,140.0,nM,6.85,1147978,CHEMBL5737905,9,CHEMBL4531,CHEMBL5729012,8itz,P17931
CHEMBL5965218,Cc1nc2ccc(-n3ncnc3[C@@H]3O[C@H](CO)[C@H](O)[C@H](n4cc(-c5ccc(Br)c(F)c5)nn4)[C@H]3O)cc2s1,IC50,50.0,nM,7.3,1147979,CHEMBL5737905,9,CHEMBL4531,CHEMBL5729012,8itz,P17931
CHEMBL5853606,Cc1nc2ccc(-n3ncnc3[C@@H]3O[C@H](CO)[C@H](O)[C@H](n4cc(-c5ccc(Cl)c(F)c5)nn4)[C@H]3O)cc2s1,IC50,70.0,nM,7.16,1147980,CHEMBL5737905,9,CHEMBL4531,CHEMBL5729012,8itz,P17931
CHEMBL5910506,Cc1nc2ccc(-n3ncnc3[C@@H]3O[C@H](CO)[C@H](O)[C@H](n4cc(-c5cc(N)c(F)c(F)c5)nn4)[C@H]3O)cc2s1,IC50,20.0,nM,7.7,1147981,CHEMBL5737905,9,CHEMBL4531,CHEMBL5729012,8itz,P17931
CHEMBL5990484,CC(=O)Nc1cc(-c2cn([C@H]3[C@@H](O)[C@@H](CO)O[C@@H](c4ncnn4-c4ccc5nc(C)sc5c4)[C@@H]3O)nn2)cc(F)c1F,IC50,70.0,nM,7.16,1147982,CHEMBL5737905,9,CHEMBL4531,CHEMBL5729012,8itz,P17931
CHEMBL5809097,CCOC(=O)Nc1cc(-c2cn([C@H]3[C@@H](O)[C@@H](CO)O[C@@H](c4ncnn4-c4ccc5nc(C)sc5c4)[C@@H]3O)nn2)cc(F)c1F,IC50,70.0,nM,7.16,1147983,CHEMBL5737905,9,CHEMBL4531,CHEMBL5729012,8itz,P17931
CHEMBL5927585,Cc1nc2ccc(-n3ncnc3[C@@H]3O[C@H](CO)[C@H](O)[C@H](n4cc(-c5cc(F)c(Cl)cc5F)nn4)[C@H]3O)cc2s1,IC50,240.0,nM,6.62,1147984,CHEMBL5737905,9,CHEMBL4531,CHEMBL5729012,8itz,P17931
CHEMBL5867039,COc1ccc(-c2cn([C@H]3[C@@H](O)[C@@H](CO)O[C@@H](c4ncnn4-c4ccc5nc(C)sc5c4)[C@@H]3O)nn2)cc1F,IC50,200.0,nM,6.7,1147985,CHEMBL5737905,9,CHEMBL4531,CHEMBL5729012,8itz,P17931
CHEMBL5751749,Cc1nc2ccc(-n3ncnc3[C@@H]3O[C@H](CO)[C@H](O)[C@H](n4cc(-c5ccc(Br)cc5)nn4)[C@H]3O)cc2s1,IC50,210.0,nM,6.68,1147986,CHEMBL5737905,9,CHEMBL4531,CHEMBL5729012,8itz,P17931
CHEMBL6020686,Cc1nc2ccc(-n3ncnc3[C@@H]3O[C@H](CO)[C@H](O)[C@H](n4cc(-c5cc(F)c(Br)c(F)c5)nn4)[C@H]3O)cc2s1,IC50,70.0,nM,7.16,1147987,CHEMBL5737905,9,CHEMBL4531,CHEMBL5729012,8itz,P17931
CHEMBL5762880,Cc1nc2cc(-c3cn([C@H]4[C@@H](O)[C@@H](CO)O[C@@H](c5ncnn5-c5ccc6nc(C)sc6c5)[C@@H]4O)nn3)cc(F)c2o1,IC50,250.0,nM,6.6,1147988,CHEMBL5737905,9,CHEMBL4531,CHEMBL5729012,8itz,P17931
CHEMBL5895177,Cc1nc2ccc(-n3ncnc3[C@@H]3O[C@H](CO)[C@H](O)[C@H](n4cc(-c5cc(F)cc(C(F)(F)F)c5)nn4)[C@H]3O)cc2s1,IC50,420.0,nM,6.38,1147989,CHEMBL5737905,9,CHEMBL4531,CHEMBL5729012,8itz,P17931
CHEMBL5999775,Cc1nc2ccc(-n3ncnc3[C@@H]3O[C@H](CO)[C@H](O)[C@H](n4cc(-c5ccc(OC(F)(F)F)c(F)c5)nn4)[C@H]3O)cc2s1,IC50,980.0,nM,6.01,1147990,CHEMBL5737905,9,CHEMBL4531,CHEMBL5729012,8itz,P17931
CHEMBL5778706,Cc1nc2ccc(-n3ncnc3[C@@H]3O[C@H](CO)[C@H](O)[C@H](n4cc(-c5ccc(C#N)c(F)c5)nn4)[C@H]3O)cc2s1,IC50,450.0,nM,6.35,1147991,CHEMBL5737905,9,CHEMBL4531,CHEMBL5729012,8itz,P17931
CHEMBL5967140,Cc1nc2ccc(-n3ncnc3[C@@H]3O[C@H](CO)[C@H](O)[C@H](n4cc(-c5ccc(CC#N)c(F)c5)nn4)[C@H]3O)cc2s1,IC50,390.0,nM,6.41,1147992,CHEMBL5737905,9,CHEMBL4531,CHEMBL5729012,8itz,P17931
CHEMBL5944907,COc1cc(-c2cn([C@H]3[C@@H](O)[C@@H](CO)O[C@@H](c4ncnn4-c4ccc5nc(C)sc5c4)[C@@H]3O)nn2)cc(F)c1F,IC50,40.0,nM,7.4,1147993,CHEMBL5737905,9,CHEMBL4531,CHEMBL5729012,8itz,P17931
CHEMBL5788761,COc1cc(F)c(F)cc1-c1cn([C@H]2[C@@H](O)[C@@H](CO)O[C@@H](c3ncnn3-c3ccc4nc(C)sc4c3)[C@@H]2O)nn1,IC50,240.0,nM,6.62,1147994,CHEMBL5737905,9,CHEMBL4531,CHEMBL5729012,8itz,P17931
CHEMBL6061161,Cc1nc2ccc(-n3ncnc3[C@@H]3O[C@H](CO)[C@H](O)[C@H](n4cc(-c5cc(F)c(C#N)cc5C)nn4)[C@H]3O)cc2s1,IC50,390.0,nM,6.41,1147995,CHEMBL5737905,9,CHEMBL4531,CHEMBL5729012,8itz,P17931
CHEMBL5780156,Cc1nc2ccc(-n3ncnc3[C@@H]3O[C@H](CO)[C@H](O)[C@H](n4cc(-c5cc(C)c(C#N)c(F)c5)nn4)[C@H]3O)cc2s1,IC50,240.0,nM,6.62,1147996,CHEMBL5737905,9,CHEMBL4531,CHEMBL5729012,8itz,P17931
CHEMBL5878970,Cc1nc2ccc(-n3ncnc3[C@@H]3O[C@H](CO)[C@H](O)[C@H](n4cc(-c5ccc(Cl)cc5)nn4)[C@H]3O)cc2s1,IC50,210.0,nM,6.68,1147997,CHEMBL5737905,9,CHEMBL4531,CHEMBL5729012,8itz,P17931
CHEMBL5966369,Cc1nc2ccc(-n3ncnc3[C@@H]3O[C@H](CO)[C@H](O)[C@H](n4cc(-c5cc(F)cc(Cl)c5)nn4)[C@H]3O)cc2s1,IC50,160.0,nM,6.8,1147998,CHEMBL5737905,9,CHEMBL4531,CHEMBL5729012,8itz,P17931
CHEMBL5851120,Cc1nc2ccc(-n3ncnc3[C@@H]3O[C@H](CO)[C@H](O)[C@H](n4cc(-c5cc(F)c(N6CC(O)C6)c(F)c5)nn4)[C@H]3O)cc2s1,IC50,60.0,nM,7.22,1147999,CHEMBL5737905,9,CHEMBL4531,CHEMBL5729012,8itz,P17931
CHEMBL6059661,Cc1nc2ccc(-n3ncnc3[C@@H]3O[C@H](CO)[C@H](O)[C@H](n4cc(-c5cc(F)c(N6CCOCC6)c(F)c5)nn4)[C@H]3O)cc2s1,IC50,80.0,nM,7.1,1148000,CHEMBL5737905,9,CHEMBL4531,CHEMBL5729012,8itz,P17931
CHEMBL5990566,Cc1nc([C@@H]2O[C@H](CO)[C@H](O)[C@H](n3cc(-c4ccc(Cl)c(F)c4)nn3)[C@H]2O)n(-c2cc(Cl)ccc2C)n1,IC50,40.0,nM,7.4,1148001,CHEMBL5737905,9,CHEMBL4531,CHEMBL5729012,8itz,P17931
CHEMBL5975263,Cc1nc([C@@H]2O[C@H](CO)[C@H](O)[C@H](n3cc(-c4ccc(Cl)c(F)c4)nn3)[C@H]2O)n(-c2cc(Cl)ccc2Cl)n1,IC50,30.0,nM,7.52,1148002,CHEMBL5737905,9,CHEMBL4531,CHEMBL5729012,8itz,P17931
CHEMBL5870486,Cc1nc([C@@H]2O[C@H](CO)[C@H](O)[C@H](n3cc(-c4ccc(Cl)c(F)c4)nn3)[C@H]2O)n(-c2ccccc2)n1,IC50,450.0,nM,6.35,1148003,CHEMBL5737905,9,CHEMBL4531,CHEMBL5729012,8itz,P17931
CHEMBL5932916,Cc1nc([C@@H]2O[C@H](CO)[C@H](O)[C@H](n3cc(-c4ccc(Cl)c(F)c4)nn3)[C@H]2O)n(-c2ccc3nc(C)sc3c2)n1,IC50,30.0,nM,7.52,1148004,CHEMBL5737905,9,CHEMBL4531,CHEMBL5729012,8itz,P17931
CHEMBL5887464,Cc1nc([C@@H]2O[C@H](CO)[C@H](O)[C@H](n3cc(-c4ccc(Cl)c(F)c4)nn3)[C@H]2O)n(-c2cc(Cl)ccc2F)n1,IC50,90.0,nM,7.05,1148005,CHEMBL5737905,9,CHEMBL4531,CHEMBL5729012,8itz,P17931
CHEMBL5176156,Cc1nc([C@@H]2O[C@H](CO)[C@H](O)[C@H](n3cc(-c4ccc(Cl)c(F)c4)nn3)[C@H]2O)n(-c2cc(Cl)ccc2C(F)(F)F)n1,IC50,10.0,nM,8.0,1148006,CHEMBL5737905,9,CHEMBL4531,CHEMBL5729012,8itz,P17931
CHEMBL5176156,Cc1nc([C@@H]2O[C@H](CO)[C@H](O)[C@H](n3cc(-c4ccc(Cl)c(F)c4)nn3)[C@H]2O)n(-c2cc(Cl)ccc2C(F)(F)F)n1,IC50,10.0,nM,8.0,1148006,CHEMBL5737905,9,CHEMBL4531,CHEMBL5729012,8itz,P17931
CHEMBL5954777,COc1ccc(Cl)cc1-n1nc(C)nc1[C@@H]1O[C@H](CO)[C@H](O)[C@H](n2cc(-c3ccc(Cl)c(F)c3)nn2)[C@H]1O,IC50,80.0,nM,7.1,1148007,CHEMBL5737905,9,CHEMBL4531,CHEMBL5729012,8itz,P17931
CHEMBL5744906,Cc1nc([C@@H]2O[C@H](CO)[C@H](O)[C@H](n3cc(-c4ccc(Cl)c(F)c4)nn3)[C@H]2O)n(-c2ccc(Cl)c(Cl)c2)n1,IC50,110.0,nM,6.96,1148008,CHEMBL5737905,9,CHEMBL4531,CHEMBL5729012,8itz,P17931
CHEMBL6040987,Cc1nc([C@@H]2O[C@H](CO)[C@H](O)[C@H](n3cc(-c4ccc(Cl)c(F)c4)nn3)[C@H]2O)n(-c2ccc3ncccc3c2)n1,IC50,80.0,nM,7.1,1148009,CHEMBL5737905,9,CHEMBL4531,CHEMBL5729012,8itz,P17931
CHEMBL6049673,Cc1nc([C@@H]2O[C@H](CO)[C@H](O)[C@H](n3cc(-c4ccc(Cl)c(F)c4)nn3)[C@H]2O)n(-c2cc(F)ccc2C(F)(F)F)n1,IC50,110.0,nM,6.96,1148010,CHEMBL5737905,9,CHEMBL4531,CHEMBL5729012,8itz,P17931
CHEMBL6007777,Cc1nc([C@@H]2O[C@H](CO)[C@H](O)[C@H](n3cc(-c4ccc(Cl)c(F)c4)nn3)[C@H]2O)n(-c2cc(C(F)(F)F)ccc2Cl)n1,IC50,70.0,nM,7.16,1148011,CHEMBL5737905,9,CHEMBL4531,CHEMBL5729012,8itz,P17931
CHEMBL5971859,Cc1nc([C@@H]2O[C@H](CO)[C@H](O)[C@H](n3cc(-c4ccc(Cl)c(F)c4)nn3)[C@H]2O)n(-c2ccc3ncsc3c2)n1,IC50,80.0,nM,7.1,1148012,CHEMBL5737905,9,CHEMBL4531,CHEMBL5729012,8itz,P17931
CHEMBL5884921,CO[C@@H]1[C@@H](n2cc(-c3ccc(Cl)c(F)c3)nn2)[C@@H](O)[C@@H](CO)O[C@H]1c1nc(C)nn1-c1cc(Cl)ccc1C,IC50,60.0,nM,7.22,1148013,CHEMBL5737905,9,CHEMBL4531,CHEMBL5729012,8itz,P17931
CHEMBL5832720,Cc1nc([C@@H]2O[C@H](CO)[C@H](O)[C@H](n3cc(-c4cc(F)c(Cl)c(F)c4)nn3)[C@H]2O)n(-c2cc(Cl)ccc2Cl)n1,IC50,50.0,nM,7.3,1148014,CHEMBL5737905,9,CHEMBL4531,CHEMBL5729012,8itz,P17931
CHEMBL6030186,Cc1nc([C@@H]2O[C@H](CO)[C@H](O)[C@H](n3cc(-c4cc(F)c(Cl)c(F)c4)nn3)[C@H]2O)n(-c2cc(Cl)ccc2C)n1,IC50,20.0,nM,7.7,1148015,CHEMBL5737905,9,CHEMBL4531,CHEMBL5729012,8itz,P17931
CHEMBL5902647,Cc1nc([C@H]2C[C@@H](n3cc(-c4cc(F)c(Cl)c(F)c4)nn3)[C@@H](O)[C@@H](CO)O2)n(-c2cc(Cl)ccc2Cl)n1,IC50,100.0,nM,7.0,1148016,CHEMBL5737905,9,CHEMBL4531,CHEMBL5729012,8itz,P17931
CHEMBL5908335,Cc1nc([C@H]2C[C@@H](n3cc(-c4cc(F)c(Cl)c(F)c4)nn3)[C@@H](O)[C@@H](CO)O2)n(-c2cc(Cl)ccc2C)n1,IC50,120.0,nM,6.92,1148017,CHEMBL5737905,9,CHEMBL4531,CHEMBL5729012,8itz,P17931
CHEMBL5953750,Cc1nc([C@H]2C[C@@H](n3cc(-c4cc(F)c(Cl)c(F)c4)nn3)[C@@H](O)[C@@H](CO)O2)n(-c2ccc3nc(C)sc3c2)n1,IC50,80.0,nM,7.1,1148018,CHEMBL5737905,9,CHEMBL4531,CHEMBL5729012,8itz,P17931
CHEMBL6014042,Cc1nc([C@H]2C[C@@H](n3cc(-c4cc(F)c(Cl)c(F)c4)nn3)[C@@H](O)[C@@H](CO)O2)n(-c2ccc3ncsc3c2)n1,IC50,30.0,nM,7.52,1148019,CHEMBL5737905,9,CHEMBL4531,CHEMBL5729012,8itz,P17931
CHEMBL5870465,CCc1nc([C@@H]2O[C@H](CO)[C@H](O)[C@H](n3cc(-c4cc(F)c(F)c(F)c4)nn3)[C@H]2O)n(-c2ccc3nc(C)sc3c2)n1,IC50,60.0,nM,7.22,1148020,CHEMBL5737905,9,CHEMBL4531,CHEMBL5729012,8itz,P17931
CHEMBL5815594,Cc1nc2ccc(-n3nc(CC(N)=O)nc3[C@@H]3O[C@H](CO)[C@H](O)[C@H](n4cc(-c5cc(F)c(F)c(F)c5)nn4)[C@H]3O)cc2s1,IC50,120.0,nM,6.92,1148021,CHEMBL5737905,9,CHEMBL4531,CHEMBL5729012,8itz,P17931
CHEMBL5992246,Cc1nc2ccc(-n3c([C@@H]4O[C@H](CO)[C@H](O)[C@H](n5cc(-c6cc(F)c(F)c(F)c6)nn5)[C@H]4O)nnc3C(F)(F)F)cc2s1,IC50,50.0,nM,7.3,1148022,CHEMBL5737905,9,CHEMBL4531,CHEMBL5729012,8itz,P17931
CHEMBL5918825,CCOC(=O)c1nnc([C@@H]2O[C@H](CO)[C@H](O)[C@H](n3cc(-c4cc(F)c(F)c(F)c4)nn3)[C@H]2O)n1-c1ccc2nc(C)sc2c1,IC50,60.0,nM,7.22,1148023,CHEMBL5737905,9,CHEMBL4531,CHEMBL5729012,8itz,P17931
CHEMBL6033777,CO[C@@H]1[C@@H](n2cc(-c3cc(F)c(F)c(F)c3)nn2)[C@@H](O)[C@@H](CO)O[C@H]1c1nncn1-c1ccc(Cl)c(Cl)c1,IC50,80.0,nM,7.1,1148024,CHEMBL5737905,9,CHEMBL4531,CHEMBL5729012,8itz,P17931
CHEMBL5867642,Cn1nccc1[C@@H]1O[C@H](CO)[C@H](O)[C@H](n2cc(-c3cc(F)c(F)c(F)c3)nn2)[C@H]1O,IC50,10000.0,nM,5.0,1148025,CHEMBL5737905,9,CHEMBL4531,CHEMBL5729012,8itz,P17931
CHEMBL5742430,OC[C@H]1O[C@H](n2nncc2-c2ccc(Cl)c(Cl)c2)[C@H](O)[C@@H](n2cc(-c3cc(F)c(F)c(F)c3)nn2)[C@H]1O,IC50,10000.0,nM,5.0,1148026,CHEMBL5737905,9,CHEMBL4531,CHEMBL5729012,8itz,P17931
CHEMBL5774063,Cc1nc2ccc(-n3cnnc3[C@@H]3O[C@H](CO)[C@H](O)[C@H](n4cc(-c5cc(F)c(Cl)c(F)c5)nn4)[C@H]3O)cc2s1,IC50,28.0,nM,7.55,1148027,CHEMBL5737905,9,CHEMBL4531,CHEMBL5729012,8itz,P17931
CHEMBL5802730,Cc1nc2ccc(-n3cnnc3[C@@H]3O[C@H](CO)[C@H](O)[C@H](n4cc(-c5ccc(Cl)c(F)c5)nn4)[C@H]3O)cc2s1,IC50,23.0,nM,7.64,1148028,CHEMBL5737905,9,CHEMBL4531,CHEMBL5729012,8itz,P17931
CHEMBL5842541,OC[C@H]1O[C@@H](c2nncn2-c2cc(Cl)ccc2Cl)[C@H](O)[C@@H](n2cc(-c3ccc(Cl)c(F)c3)nn2)[C@H]1O,IC50,67.0,nM,7.17,1148029,CHEMBL5737905,9,CHEMBL4531,CHEMBL5729012,8itz,P17931
CHEMBL5838879,Cc1nc2ccc(-n3c(C)nnc3[C@@H]3O[C@H](CO)[C@H](O)[C@H](n4cc(-c5ccc(Cl)c(F)c5)nn4)[C@H]3O)cc2s1,IC50,31.0,nM,7.51,1148030,CHEMBL5737905,9,CHEMBL4531,CHEMBL5729012,8itz,P17931
CHEMBL5816865,Cc1nc2ccc(-n3c(C)nnc3[C@@H]3O[C@H](CO)[C@H](O)[C@H](n4cc(-c5cc(F)c(Cl)c(F)c5)nn4)[C@H]3O)cc2s1,IC50,35.0,nM,7.46,1148031,CHEMBL5737905,9,CHEMBL4531,CHEMBL5729012,8itz,P17931
CHEMBL5868216,C=Cc1ccccc1-n1cnnc1[C@@H]1O[C@H](CO)[C@H](O)[C@H](n2cc(-c3cc(F)c(F)c(F)c3)nn2)[C@H]1O,IC50,460.0,nM,6.34,1148032,CHEMBL5737905,9,CHEMBL4531,CHEMBL5729012,8itz,P17931
CHEMBL5590257,CO[C@@H]1[C@@H](n2cc(-c3cc(F)c(Cl)c(F)c3)nn2)[C@@H](O)[C@@H](CO)O[C@H]1c1nncn1-c1cc(Cl)ccc1C(F)(F)F,IC50,22.0,nM,7.66,1148033,CHEMBL5737905,9,CHEMBL4531,CHEMBL5729012,8itz,P17931
CHEMBL5590257,CO[C@@H]1[C@@H](n2cc(-c3cc(F)c(Cl)c(F)c3)nn2)[C@@H](O)[C@@H](CO)O[C@H]1c1nncn1-c1cc(Cl)ccc1C(F)(F)F,IC50,22.0,nM,7.66,1148033,CHEMBL5737905,9,CHEMBL4531,CHEMBL5729012,8itz,P17931
CHEMBL5593260,OC[C@H]1O[C@@H](c2nncn2-c2cc(Cl)ccc2C(F)(F)F)[C@H](O)[C@@H](n2cc(-c3ccc(Cl)c(F)c3)nn2)[C@H]1O,IC50,20.0,nM,7.7,1148034,CHEMBL5737905,9,CHEMBL4531,CHEMBL5729012,8itz,P17931
CHEMBL5593260,OC[C@H]1O[C@@H](c2nncn2-c2cc(Cl)ccc2C(F)(F)F)[C@H](O)[C@@H](n2cc(-c3ccc(Cl)c(F)c3)nn2)[C@H]1O,IC50,20.0,nM,7.7,1148034,CHEMBL5737905,9,CHEMBL4531,CHEMBL5729012,8itz,P17931
CHEMBL5980538,CO[C@@H]1[C@@H](n2cc(-c3cc(F)c(Cl)c(F)c3)nn2)[C@@H](O)[C@@H](CO)O[C@H]1c1nnc(C)n1-c1cc(Cl)ccc1C(F)(F)F,IC50,22.0,nM,7.66,1148035,CHEMBL5737905,9,CHEMBL4531,CHEMBL5729012,8itz,P17931
CHEMBL5591252,Cc1nnc([C@@H]2O[C@H](CO)[C@H](O)[C@H](n3cc(-c4cc(F)c(Cl)c(F)c4)nn3)[C@H]2O)n1-c1cc(Cl)ccc1C(F)(F)F,IC50,12.0,nM,7.92,1148036,CHEMBL5737905,9,CHEMBL4531,CHEMBL5729012,8itz,P17931
CHEMBL5591252,Cc1nnc([C@@H]2O[C@H](CO)[C@H](O)[C@H](n3cc(-c4cc(F)c(Cl)c(F)c4)nn3)[C@H]2O)n1-c1cc(Cl)ccc1C(F)(F)F,IC50,12.0,nM,7.92,1148036,CHEMBL5737905,9,CHEMBL4531,CHEMBL5729012,8itz,P17931
CHEMBL5591252,Cc1nnc([C@@H]2O[C@H](CO)[C@H](O)[C@H](n3cc(-c4cc(F)c(Cl)c(F)c4)nn3)[C@H]2O)n1-c1cc(Cl)ccc1C(F)(F)F,IC50,12.0,nM,7.92,1148036,CHEMBL5737905,9,CHEMBL4531,CHEMBL5729012,8itz,P17931
CHEMBL5767680,N#Cc1ccc(Cl)cc1-n1cnnc1[C@@H]1O[C@H](CO)[C@H](O)[C@H](n2cc(-c3cc(F)c(Cl)c(F)c3)nn2)[C@H]1O,IC50,1600.0,nM,5.8,1148037,CHEMBL5737905,9,CHEMBL4531,CHEMBL5729012,8itz,P17931
CHEMBL5902543,Cc1nnc([C@@H]2O[C@H](CO)[C@H](O)[C@H](n3cc(-c4cc(F)c(Br)c(F)c4)nn3)[C@H]2O)n1-c1cc(Cl)ccc1C(F)(F)F,IC50,8.7,nM,8.06,1148038,CHEMBL5737905,9,CHEMBL4531,CHEMBL5729012,8itz,P17931
CHEMBL5779700,Cc1nc2ccc(-n3c([C@@H]4O[C@H](CO)[C@H](O)[C@H](n5cc(-c6cc(F)c(Br)c(F)c6)nn5)[C@H]4O)nnc3C(F)(F)F)cc2s1,IC50,57.0,nM,7.24,1148039,CHEMBL5737905,9,CHEMBL4531,CHEMBL5729012,8itz,P17931
CHEMBL6024423,Cc1nc2ccc(-n3c([C@@H]4O[C@H](CO)[C@H](O)[C@H](n5cc(-c6ccc(Br)c(F)c6)nn5)[C@H]4O)nnc3C(F)(F)F)cc2s1,IC50,980.0,nM,6.01,1148040,CHEMBL5737905,9,CHEMBL4531,CHEMBL5729012,8itz,P17931
CHEMBL5864357,Cc1nnc([C@@H]2O[C@H](CO)[C@H](O)[C@H](n3cc(-c4cc(F)c(Br)c(F)c4)nn3)[C@H]2O)n1-c1cc(Cl)cc2cccnc12,IC50,11.0,nM,7.96,1148041,CHEMBL5737905,9,CHEMBL4531,CHEMBL5729012,8itz,P17931
CHEMBL6015695,Cc1nnc([C@@H]2O[C@H](CO)[C@H](O)[C@H](n3cc(-c4cc(F)c(Cl)c(F)c4)nn3)[C@H]2O)n1-c1cc(Cl)cc2cccnc12,IC50,14.0,nM,7.85,1148042,CHEMBL5737905,9,CHEMBL4531,CHEMBL5729012,8itz,P17931
CHEMBL5178581,Cc1nc([C@@H]2O[C@H](CO)[C@H](O)[C@H](n3cc(-c4cc(F)c(F)c(F)c4)nn3)[C@H]2O)n(-c2cc(Cl)ccc2C(F)(F)F)n1,IC50,22.0,nM,7.66,1148043,CHEMBL5737905,9,CHEMBL4531,CHEMBL5729012,8itz,P17931
CHEMBL5178581,Cc1nc([C@@H]2O[C@H](CO)[C@H](O)[C@H](n3cc(-c4cc(F)c(F)c(F)c4)nn3)[C@H]2O)n(-c2cc(Cl)ccc2C(F)(F)F)n1,IC50,22.0,nM,7.66,1148043,CHEMBL5737905,9,CHEMBL4531,CHEMBL5729012,8itz,P17931
CHEMBL5995010,OC[C@H]1O[C@@H](c2ncnn2-c2cc(Cl)ccc2C(F)(F)F)[C@H](O)[C@@H](n2cc(-c3cc(F)c(F)c(F)c3)nn2)[C@H]1O,IC50,27.0,nM,7.57,1148044,CHEMBL5737905,9,CHEMBL4531,CHEMBL5729012,8itz,P17931
CHEMBL5788902,Cc1nc([C@@H]2O[C@H](CO)[C@H](O)[C@H](n3cc(-c4cc(F)c(F)c(F)c4)nn3)[C@H]2O)n(-c2ccc3nc(C(F)(F)F)sc3c2)n1,IC50,505.0,nM,6.3,1148045,CHEMBL5737905,9,CHEMBL4531,CHEMBL5729012,8itz,P17931
CHEMBL5960128,Cc1nc([C@@H]2O[C@H](CO)[C@H](O)[C@H](n3cc(-c4ccc(Cl)c(F)c4)nn3)[C@H]2O)n(-c2ccc3nc(C(F)(F)F)sc3c2)n1,IC50,837.0,nM,6.08,1148046,CHEMBL5737905,9,CHEMBL4531,CHEMBL5729012,8itz,P17931
CHEMBL5854692,Cc1nc([C@@H]2O[C@H](CO)[C@H](O)[C@H](n3cc(-c4cc(F)c(Cl)c(F)c4)nn3)[C@H]2O)n(-c2cc(Cl)cnc2C(F)(F)F)n1,IC50,29.0,nM,7.54,1148047,CHEMBL5737905,9,CHEMBL4531,CHEMBL5729012,8itz,P17931
CHEMBL5965048,Cc1nc([C@@H]2O[C@H](CO)[C@H](O)[C@H](n3cc(-c4cc(F)c(Cl)c(F)c4)nn3)[C@H]2O)n(-c2cc(Cl)cc3cccnc23)n1,IC50,17.0,nM,7.77,1148048,CHEMBL5737905,9,CHEMBL4531,CHEMBL5729012,8itz,P17931
CHEMBL5867165,Cc1nc([C@@H]2O[C@H](CO)[C@H](O)[C@H](n3cc(-c4ccc(Br)c(F)c4)nn3)[C@H]2O)n(-c2cc(Cl)cc3cccnc23)n1,IC50,46.0,nM,7.34,1148049,CHEMBL5737905,9,CHEMBL4531,CHEMBL5729012,8itz,P17931
CHEMBL5795278,Cc1nc([C@@H]2O[C@H](CO)[C@H](O)[C@H](n3cc(-c4cc(F)c(Cl)c(F)c4)nn3)[C@H]2O)n(-c2cc(Cl)ccc2Br)n1,IC50,22.0,nM,7.66,1148050,CHEMBL5737905,9,CHEMBL4531,CHEMBL5729012,8itz,P17931
CHEMBL5912882,Cc1nc([C@@H]2O[C@H](CO)[C@H](O)[C@H](n3cc(-c4cc(F)c(Br)c(F)c4)nn3)[C@H]2O)n(-c2cc(Cl)cc3cccnc23)n1,IC50,24.0,nM,7.62,1148051,CHEMBL5737905,9,CHEMBL4531,CHEMBL5729012,8itz,P17931
CHEMBL5891244,Cc1nc([C@@H]2O[C@H](CO)[C@H](O)[C@H](n3cc(-c4ccc(Cl)c(F)c4)nn3)[C@H]2O)n(-c2cc(Cl)ccc2Br)n1,IC50,40.0,nM,7.4,1148052,CHEMBL5737905,9,CHEMBL4531,CHEMBL5729012,8itz,P17931
CHEMBL6000407,Cc1nc([C@@H]2O[C@H](CO)[C@H](O)[C@H](n3cc(-c4cc(F)c(Cl)c(F)c4)nn3)[C@H]2O)n(-c2cc(Cl)cc3ncccc23)n1,IC50,51.0,nM,7.29,1148053,CHEMBL5737905,9,CHEMBL4531,CHEMBL5729012,8itz,P17931
CHEMBL5885245,Cc1nc([C@@H]2O[C@H](CO)[C@H](O)[C@H](n3cc(-c4ccc(Br)c(F)c4)nn3)[C@H]2O)n(-c2cc(Cl)cc3ncccc23)n1,IC50,82.0,nM,7.09,1148054,CHEMBL5737905,9,CHEMBL4531,CHEMBL5729012,8itz,P17931
CHEMBL5192669,Cc1nc([C@@H]2O[C@H](CO)[C@H](O)[C@H](n3cc(-c4cc(F)c(F)c(F)c4)nn3)[C@H]2O)n(-c2ccc(Cl)c(Cl)c2)n1,IC50,90.0,nM,7.05,1148055,CHEMBL5737905,9,CHEMBL4531,CHEMBL5729012,8itz,P17931
CHEMBL5192669,Cc1nc([C@@H]2O[C@H](CO)[C@H](O)[C@H](n3cc(-c4cc(F)c(F)c(F)c4)nn3)[C@H]2O)n(-c2ccc(Cl)c(Cl)c2)n1,IC50,90.0,nM,7.05,1148055,CHEMBL5737905,9,CHEMBL4531,CHEMBL5729012,8itz,P17931
CHEMBL5205178,Cc1nc([C@@H]2O[C@H](CO)[C@H](O)[C@H](n3cc(-c4cc(F)c(F)c(F)c4)nn3)[C@H]2O)n(-c2cc(Cl)cc(Cl)c2)n1,IC50,68.0,nM,7.17,1148056,CHEMBL5737905,9,CHEMBL4531,CHEMBL5729012,8itz,P17931
CHEMBL5205178,Cc1nc([C@@H]2O[C@H](CO)[C@H](O)[C@H](n3cc(-c4cc(F)c(F)c(F)c4)nn3)[C@H]2O)n(-c2cc(Cl)cc(Cl)c2)n1,IC50,68.0,nM,7.17,1148056,CHEMBL5737905,9,CHEMBL4531,CHEMBL5729012,8itz,P17931
CHEMBL5824290,Cc1nc([C@@H]2O[C@H](CO)[C@H](O)[C@H](n3cc(-c4ccc(Cl)c(F)c4)nn3)[C@H]2O)n(-c2cc(Cl)ccc2OC(F)(F)F)n1,IC50,31.0,nM,7.51,1148057,CHEMBL5737905,9,CHEMBL4531,CHEMBL5729012,8itz,P17931
CHEMBL6021517,Cc1nc([C@@H]2O[C@H](CO)[C@H](O)[C@H](n3cc(-c4cc(F)c(Cl)c(F)c4)nn3)[C@H]2O)n(-c2cc(Cl)ccc2OC(F)(F)F)n1,IC50,30.0,nM,7.52,1148058,CHEMBL5737905,9,CHEMBL4531,CHEMBL5729012,8itz,P17931
CHEMBL6028378,Cc1nc([C@@H]2O[C@H](CO)[C@H](O)[C@H](n3cc(-c4ccc(Br)c(F)c4)nn3)[C@H]2O)n(-c2ccc3ncsc3c2)n1,IC50,22.0,nM,7.66,1148059,CHEMBL5737905,9,CHEMBL4531,CHEMBL5729012,8itz,P17931
CHEMBL5930629,Cc1nc([C@@H]2O[C@H](CO)[C@H](O)[C@H](n3cc(-c4ccc(Br)c(F)c4)nn3)[C@H]2O)n(-c2ccc3nc(C)sc3c2)n1,IC50,46.0,nM,7.34,1148060,CHEMBL5737905,9,CHEMBL4531,CHEMBL5729012,8itz,P17931
CHEMBL6016939,Cc1nc([C@@H]2O[C@H](CO)[C@H](O)[C@H](n3cc(-c4cc(F)c(Cl)c(Cl)c4)nn3)[C@H]2O)n(-c2ccc3ncsc3c2)n1,IC50,34.0,nM,7.47,1148061,CHEMBL5737905,9,CHEMBL4531,CHEMBL5729012,8itz,P17931
CHEMBL5790442,Cc1nc([C@@H]2O[C@H](CO)[C@H](O)[C@H](n3cc(-c4cc(F)c(Cl)c(Cl)c4)nn3)[C@H]2O)n(-c2ccc3nc(C)sc3c2)n1,IC50,45.0,nM,7.35,1148062,CHEMBL5737905,9,CHEMBL4531,CHEMBL5729012,8itz,P17931
CHEMBL5839681,Cc1nc([C@@H]2O[C@H](CO)[C@H](O)[C@H](n3cc(-c4cc(F)c(Cl)c(Cl)c4)nn3)[C@H]2O)n(-c2cc(Cl)ccc2OC(F)(F)F)n1,IC50,36.0,nM,7.44,1148063,CHEMBL5737905,9,CHEMBL4531,CHEMBL5729012,8itz,P17931
CHEMBL5204125,Cc1nc([C@@H]2O[C@H](CO)[C@H](O)[C@H](n3cc(-c4ccc(Br)c(F)c4)nn3)[C@H]2O)n(-c2cc(Cl)ccc2C(F)(F)F)n1,IC50,34.0,nM,7.47,1148064,CHEMBL5737905,9,CHEMBL4531,CHEMBL5729012,8itz,P17931
CHEMBL5204125,Cc1nc([C@@H]2O[C@H](CO)[C@H](O)[C@H](n3cc(-c4ccc(Br)c(F)c4)nn3)[C@H]2O)n(-c2cc(Cl)ccc2C(F)(F)F)n1,IC50,34.0,nM,7.47,1148064,CHEMBL5737905,9,CHEMBL4531,CHEMBL5729012,8itz,P17931
CHEMBL5182045,Cc1nc([C@@H]2O[C@H](CO)[C@H](O)[C@H](n3cc(-c4cc(F)c(Br)c(F)c4)nn3)[C@H]2O)n(-c2cc(Cl)ccc2C(F)(F)F)n1,IC50,40.0,nM,7.4,1148065,CHEMBL5737905,9,CHEMBL4531,CHEMBL5729012,8itz,P17931
CHEMBL5182045,Cc1nc([C@@H]2O[C@H](CO)[C@H](O)[C@H](n3cc(-c4cc(F)c(Br)c(F)c4)nn3)[C@H]2O)n(-c2cc(Cl)ccc2C(F)(F)F)n1,IC50,40.0,nM,7.4,1148065,CHEMBL5737905,9,CHEMBL4531,CHEMBL5729012,8itz,P17931
CHEMBL5429227,Cc1nc([C@@H]2O[C@H](CO)[C@H](O)[C@H](n3cc(-c4cc(F)c(Br)c(F)c4)nn3)[C@H]2O)n(-c2ccc3ncsc3c2)n1,IC50,27.0,nM,7.57,1148066,CHEMBL5737905,9,CHEMBL4531,CHEMBL5729012,8itz,P17931
CHEMBL5429227,Cc1nc([C@@H]2O[C@H](CO)[C@H](O)[C@H](n3cc(-c4cc(F)c(Br)c(F)c4)nn3)[C@H]2O)n(-c2ccc3ncsc3c2)n1,IC50,27.0,nM,7.57,1148066,CHEMBL5737905,9,CHEMBL4531,CHEMBL5729012,8itz,P17931
CHEMBL6053059,Cc1nc([C@@H]2O[C@H](CO)[C@H](O)[C@H](n3cc(-c4cc(F)c(Cl)c(F)c4)nn3)[C@H]2O)n(-c2cc3sc(C)nc3cc2C(F)(F)F)n1,IC50,17.0,nM,7.77,1148067,CHEMBL5737905,9,CHEMBL4531,CHEMBL5729012,8itz,P17931
CHEMBL6056848,Cc1nc([C@@H]2O[C@H](CO)[C@H](O)[C@H](n3cc(-c4ccc(Br)c(F)c4)nn3)[C@H]2O)n(-c2cc3sc(C)nc3cc2C(F)(F)F)n1,IC50,22.0,nM,7.66,1148068,CHEMBL5737905,9,CHEMBL4531,CHEMBL5729012,8itz,P17931
CHEMBL5953030,Cc1nc([C@@H]2O[C@H](CO)[C@H](O)[C@H](n3cc(-c4cc(F)c(Br)c(F)c4)nn3)[C@H]2O)n(-c2ccc3nc(C)sc3c2)n1,IC50,41.0,nM,7.39,1148069,CHEMBL5737905,9,CHEMBL4531,CHEMBL5729012,8itz,P17931
CHEMBL5937321,Cc1nc([C@@H]2O[C@H](CO)[C@H](O)[C@H](n3cc(-c4cc(F)c(Br)c(F)c4)nn3)[C@H]2O)n(-c2cc3sc(C)nc3cc2C(F)(F)F)n1,IC50,103.0,nM,6.99,1148070,CHEMBL5737905,9,CHEMBL4531,CHEMBL5729012,8itz,P17931
CHEMBL5794082,Cc1nc([C@@H]2O[C@H](CO)[C@H](O)[C@H](n3cc(-c4cc(F)c(Cl)c(F)c4)nn3)[C@H]2O)n(-c2cc(Cl)ccc2C2CC2)n1,IC50,46.0,nM,7.34,1148071,CHEMBL5737905,9,CHEMBL4531,CHEMBL5729012,8itz,P17931
CHEMBL5897633,Cc1nc([C@@H]2O[C@H](CO)[C@H](O)[C@H](n3cc(-c4cc(F)c(Br)c(F)c4)nn3)[C@H]2O)n(-c2cc(Cl)ccc2C2CC2)n1,IC50,151.0,nM,6.82,1148072,CHEMBL5737905,9,CHEMBL4531,CHEMBL5729012,8itz,P17931
CHEMBL5758474,Cc1nc([C@@H]2O[C@H](CO)[C@H](O)[C@H](n3cc(-c4cc(F)c(Cl)c(F)c4)nn3)[C@H]2O)n(-c2ccc3nc(C)sc3c2)n1,IC50,53.0,nM,7.28,1148073,CHEMBL5737905,9,CHEMBL4531,CHEMBL5729012,8itz,P17931
CHEMBL6040351,Cc1nc([C@@H]2O[C@H](CO)[C@H](O)[C@H](n3cc(-c4cc(F)c(Cl)c(F)c4)nn3)[C@H]2O)n(-c2cc(Cl)cc3ccncc23)n1,IC50,51.0,nM,7.29,1148074,CHEMBL5737905,9,CHEMBL4531,CHEMBL5729012,8itz,P17931
CHEMBL5964229,Cc1nc([C@@H]2O[C@H](CO)[C@H](O)[C@H](n3cc(-c4ccc(Br)c(F)c4)nn3)[C@H]2O)n(-c2cc(Cl)ccc2C2CC2)n1,IC50,72.0,nM,7.14,1148075,CHEMBL5737905,9,CHEMBL4531,CHEMBL5729012,8itz,P17931
CHEMBL6024666,Cc1nc([C@@H]2O[C@H](CO)[C@H](O)[C@H](n3cc(-c4ccc(Br)c(F)c4)nn3)[C@H]2O)n(-c2cc(Cl)cc3ccncc23)n1,IC50,161.0,nM,6.79,1148076,CHEMBL5737905,9,CHEMBL4531,CHEMBL5729012,8itz,P17931
CHEMBL5749436,Cc1nc([C@@H]2O[C@H](CO)[C@H](O)[C@H](n3cc(-c4cc(F)c(Cl)c(F)c4)nn3)[C@H]2O)n(-c2cc(CC(F)(F)F)ccc2Cl)n1,IC50,126.0,nM,6.9,1148077,CHEMBL5737905,9,CHEMBL4531,CHEMBL5729012,8itz,P17931
CHEMBL5896088,Cc1nc([C@@H]2O[C@H](CO)[C@H](O)[C@H](n3cc(-c4ccc(Cl)c(F)c4)nn3)[C@H]2O)n(-c2cc(Cl)ccc2C2CC2)n1,IC50,59.0,nM,7.23,1148078,CHEMBL5737905,9,CHEMBL4531,CHEMBL5729012,8itz,P17931
CHEMBL5973259,Cc1nc([C@@H]2O[C@H](CO)[C@H](O)[C@H](n3cc(-c4cc(F)c(Cl)c(F)c4)nn3)[C@H]2O)n(-c2cc(Cl)ccc2C(C)(C)C)n1,IC50,11.0,nM,7.96,1148079,CHEMBL5737905,9,CHEMBL4531,CHEMBL5729012,8itz,P17931
CHEMBL5895280,Cc1nc([C@@H]2O[C@H](CO)[C@H](O)[C@H](n3cc(-c4cc(F)c(Cl)c(F)c4)nn3)[C@H]2O)n(-c2cc(C(F)F)ccc2Cl)n1,IC50,50.0,nM,7.3,1148080,CHEMBL5737905,9,CHEMBL4531,CHEMBL5729012,8itz,P17931
CHEMBL5917869,Cc1nc([C@@H]2O[C@H](CO)[C@H](O)[C@H](n3cc(-c4ccc(Cl)c(F)c4F)nn3)[C@H]2O)n(-c2cc(Cl)ccc2C2CC2)n1,IC50,140.0,nM,6.85,1148081,CHEMBL5737905,9,CHEMBL4531,CHEMBL5729012,8itz,P17931
CHEMBL6000488,Cc1nc([C@@H]2O[C@H](CO)[C@H](O)[C@H](n3cc(-c4cc(F)c(F)c(F)c4)nn3)[C@H]2O)n(-c2cc(Cl)c(F)cc2Cl)n1,IC50,39.0,nM,7.41,1148082,CHEMBL5737905,9,CHEMBL4531,CHEMBL5729012,8itz,P17931
CHEMBL6000488,Cc1nc([C@@H]2O[C@H](CO)[C@H](O)[C@H](n3cc(-c4cc(F)c(F)c(F)c4)nn3)[C@H]2O)n(-c2cc(Cl)c(F)cc2Cl)n1,IC50,39.0,nM,7.41,1148082,CHEMBL5737905,9,CHEMBL4531,CHEMBL5729012,8itz,P17931
CHEMBL6033628,Cc1nc([C@@H]2O[C@H](CO)[C@H](O)[C@H](n3cc(-c4cc(F)c(Cl)c(F)c4)nn3)[C@H]2O)n(-c2cc(Cl)c(F)cc2Cl)n1,IC50,33.0,nM,7.48,1148083,CHEMBL5737905,9,CHEMBL4531,CHEMBL5729012,8itz,P17931
CHEMBL5927805,Cc1nc([C@@H]2O[C@H](CO)[C@H](O)[C@H](n3cc(-c4ccc(Cl)c(F)c4)nn3)[C@H]2O)n(-c2cc(Cl)c(F)cc2Cl)n1,IC50,54.0,nM,7.27,1148084,CHEMBL5737905,9,CHEMBL4531,CHEMBL5729012,8itz,P17931
CHEMBL6052023,Cc1nc([C@@H]2O[C@H](CO)[C@H](O)[C@H](n3cc(-c4ccc(Cl)c(F)c4)nn3)[C@H]2O)n(-c2cc(Cl)cc(F)c2Cl)n1,IC50,47.0,nM,7.33,1148085,CHEMBL5737905,9,CHEMBL4531,CHEMBL5729012,8itz,P17931
CHEMBL5954633,Cc1nc([C@@H]2O[C@H](CO)[C@H](O)[C@H](n3cc(-c4cc(F)c(Cl)c(F)c4)nn3)[C@H]2O)n(-c2cc(Cl)cc(F)c2Cl)n1,IC50,46.0,nM,7.34,1148086,CHEMBL5737905,9,CHEMBL4531,CHEMBL5729012,8itz,P17931
CHEMBL5888559,Cc1nc([C@@H]2O[C@H](CO)[C@H](O)[C@H](n3cc(-c4ccc(F)c(Cl)c4)nn3)[C@H]2O)n(-c2cc(Cl)ccc2C(F)(F)F)n1,IC50,52.0,nM,7.28,1148087,CHEMBL5737905,9,CHEMBL4531,CHEMBL5729012,8itz,P17931
CHEMBL5180836,Cc1nc([C@@H]2O[C@H](CO)[C@H](O)[C@H](n3cc(-c4cc(F)c(F)c(Cl)c4)nn3)[C@H]2O)n(-c2cc(Cl)ccc2C(F)(F)F)n1,IC50,21.0,nM,7.68,1148088,CHEMBL5737905,9,CHEMBL4531,CHEMBL5729012,8itz,P17931
CHEMBL5180836,Cc1nc([C@@H]2O[C@H](CO)[C@H](O)[C@H](n3cc(-c4cc(F)c(F)c(Cl)c4)nn3)[C@H]2O)n(-c2cc(Cl)ccc2C(F)(F)F)n1,IC50,21.0,nM,7.68,1148088,CHEMBL5737905,9,CHEMBL4531,CHEMBL5729012,8itz,P17931
CHEMBL6026649,Cc1nc([C@@H]2O[C@H](CO)[C@H](O)[C@H](n3cc(-c4ccc(Cl)cc4F)nn3)[C@H]2O)n(-c2cc(Cl)ccc2C(F)(F)F)n1,IC50,52.0,nM,7.28,1148089,CHEMBL5737905,9,CHEMBL4531,CHEMBL5729012,8itz,P17931
CHEMBL5820300,Cc1nc([C@@H]2O[C@H](CO)[C@H](O)[C@H](n3cc(-c4cc(F)c(Cl)c(F)c4)nn3)[C@H]2O)n(-c2cc(Cl)c(Cl)cc2Cl)n1,IC50,58.0,nM,7.24,1148090,CHEMBL5737905,9,CHEMBL4531,CHEMBL5729012,8itz,P17931
CHEMBL5890793,Cc1nc([C@@H]2O[C@H](CO)[C@H](O)[C@H](n3cc(-c4cc(F)c(Cl)c(Cl)c4)nn3)[C@H]2O)n(-c2cc(Cl)ccc2Cl)n1,IC50,48.0,nM,7.32,1148091,CHEMBL5737905,9,CHEMBL4531,CHEMBL5729012,8itz,P17931
CHEMBL5951346,Cc1nc([C@@H]2O[C@H](CO)[C@H](O)[C@H](n3cc(-c4cc(F)c(Cl)c(Cl)c4)nn3)[C@H]2O)n(-c2cc(Cl)ccc2C(F)(F)F)n1,IC50,20.0,nM,7.7,1148092,CHEMBL5737905,9,CHEMBL4531,CHEMBL5729012,8itz,P17931
CHEMBL5186112,Cc1nc([C@@H]2O[C@H](CO)[C@H](O)[C@H](n3cc(-c4cc(F)c5ccccc5c4)nn3)[C@H]2O)n(-c2cc(Cl)ccc2C(F)(F)F)n1,IC50,32.0,nM,7.5,1148093,CHEMBL5737905,9,CHEMBL4531,CHEMBL5729012,8itz,P17931
CHEMBL5186112,Cc1nc([C@@H]2O[C@H](CO)[C@H](O)[C@H](n3cc(-c4cc(F)c5ccccc5c4)nn3)[C@H]2O)n(-c2cc(Cl)ccc2C(F)(F)F)n1,IC50,32.0,nM,7.5,1148093,CHEMBL5737905,9,CHEMBL4531,CHEMBL5729012,8itz,P17931
CHEMBL6024096,Cc1nc([C@@H]2O[C@H](CO)[C@H](O)[C@H](n3cc(-c4cc(Cl)c(Cl)cc4F)nn3)[C@H]2O)n(-c2cc(Cl)ccc2C(F)(F)F)n1,IC50,46.0,nM,7.34,1148094,CHEMBL5737905,9,CHEMBL4531,CHEMBL5729012,8itz,P17931
CHEMBL5204834,Cc1nc([C@@H]2O[C@H](CO)[C@H](O)[C@H](n3cc(-c4ccc(Cl)c(F)c4F)nn3)[C@H]2O)n(-c2cc(Cl)ccc2C(F)(F)F)n1,IC50,11.0,nM,7.96,1148095,CHEMBL5737905,9,CHEMBL4531,CHEMBL5729012,8itz,P17931
CHEMBL5204834,Cc1nc([C@@H]2O[C@H](CO)[C@H](O)[C@H](n3cc(-c4ccc(Cl)c(F)c4F)nn3)[C@H]2O)n(-c2cc(Cl)ccc2C(F)(F)F)n1,IC50,11.0,nM,7.96,1148095,CHEMBL5737905,9,CHEMBL4531,CHEMBL5729012,8itz,P17931
CHEMBL5940124,Cc1nc([C@@H]2O[C@H](CO)[C@H](O)[C@H](n3cc(-c4ncc(Cl)cc4F)nn3)[C@H]2O)n(-c2cc(Cl)ccc2C(F)(F)F)n1,IC50,158.0,nM,6.8,1148096,CHEMBL5737905,9,CHEMBL4531,CHEMBL5729012,8itz,P17931
CHEMBL5759555,Cc1nc([C@@H]2O[C@H](CO)[C@H](O)[C@H](n3cc(-c4cc(F)c(Cl)c(F)c4)nn3)[C@H]2O)n(-c2cc(Cl)ccc2C(F)F)n1,IC50,36.0,nM,7.44,1148097,CHEMBL5737905,9,CHEMBL4531,CHEMBL5729012,8itz,P17931
CHEMBL5945326,Cc1nc([C@@H]2O[C@H](CO)[C@H](O)[C@H](n3cc(-c4ccc(Br)c(F)c4)nn3)[C@H]2O)n(-c2cc(Cl)ccc2C(F)F)n1,IC50,49.0,nM,7.31,1148098,CHEMBL5737905,9,CHEMBL4531,CHEMBL5729012,8itz,P17931
CHEMBL5957335,Cc1nc([C@@H]2O[C@H](CO)[C@H](O)[C@H](n3cc(-c4ncc(Cl)cc4Cl)nn3)[C@H]2O)n(-c2cc(Cl)ccc2C(F)(F)F)n1,IC50,172.0,nM,6.76,1148099,CHEMBL5737905,9,CHEMBL4531,CHEMBL5729012,8itz,P17931
CHEMBL5870029,Cc1nc([C@@H]2O[C@H](CO)[C@H](O)[C@H](n3cc(-c4ccc5ncsc5c4)nn3)[C@H]2O)n(-c2cc(Cl)ccc2C(F)(F)F)n1,IC50,291.0,nM,6.54,1148100,CHEMBL5737905,9,CHEMBL4531,CHEMBL5729012,8itz,P17931
CHEMBL6043953,COc1ccc(C(F)(F)F)c(-n2nc(C)nc2[C@@H]2O[C@H](CO)[C@H](O)[C@H](n3cc(-c4cc(F)c(Cl)c(F)c4)nn3)[C@H]2O)c1,IC50,42.0,nM,7.38,1148101,CHEMBL5737905,9,CHEMBL4531,CHEMBL5729012,8itz,P17931
CHEMBL5875600,Cc1nc([C@@H]2O[C@H](CO)[C@H](O)[C@H](n3cc(-c4ccc5scnc5c4)nn3)[C@H]2O)n(-c2cc(Cl)ccc2C(F)(F)F)n1,IC50,87.0,nM,7.06,1148102,CHEMBL5737905,9,CHEMBL4531,CHEMBL5729012,8itz,P17931
CHEMBL5850647,Cc1nc([C@@H]2O[C@H](CO)[C@H](O)[C@H](n3cc(-c4ccc5nccnc5c4)nn3)[C@H]2O)n(-c2cc(Cl)ccc2C(F)(F)F)n1,IC50,208.0,nM,6.68,1148103,CHEMBL5737905,9,CHEMBL4531,CHEMBL5729012,8itz,P17931
CHEMBL6000488,Cc1nc([C@@H]2O[C@H](CO)[C@H](O)[C@H](n3cc(-c4cc(F)c(F)c(F)c4)nn3)[C@H]2O)n(-c2cc(Cl)c(F)cc2Cl)n1,IC50,39.0,nM,7.41,1148104,CHEMBL5737905,9,CHEMBL4531,CHEMBL5729012,8itz,P17931
CHEMBL6000488,Cc1nc([C@@H]2O[C@H](CO)[C@H](O)[C@H](n3cc(-c4cc(F)c(F)c(F)c4)nn3)[C@H]2O)n(-c2cc(Cl)c(F)cc2Cl)n1,IC50,39.0,nM,7.41,1148104,CHEMBL5737905,9,CHEMBL4531,CHEMBL5729012,8itz,P17931
CHEMBL5753934,Cc1nc([C@@H]2O[C@H](CO)[C@H](O)[C@H](n3cc(-c4cc(F)c5ncccc5c4)nn3)[C@H]2O)n(-c2cc(Cl)ccc2C(F)(F)F)n1,IC50,154.0,nM,6.81,1148105,CHEMBL5737905,9,CHEMBL4531,CHEMBL5729012,8itz,P17931
CHEMBL5766444,Cc1nc([C@@H]2O[C@H](CO)[C@H](O)[C@H](n3cc(-c4c(F)cc(Cl)cc4F)nn3)[C@H]2O)n(-c2cc(Cl)ccc2C(F)(F)F)n1,IC50,56.0,nM,7.25,1148106,CHEMBL5737905,9,CHEMBL4531,CHEMBL5729012,8itz,P17931
CHEMBL5413355,Cc1nc([C@@H]2O[C@H](CO)[C@H](O)[C@H](n3cc(-c4cc(F)c5ccccc5c4)nn3)[C@H]2O)n(-c2ccc3ncsc3c2)n1,IC50,15.0,nM,7.82,1148107,CHEMBL5737905,9,CHEMBL4531,CHEMBL5729012,8itz,P17931
CHEMBL5413355,Cc1nc([C@@H]2O[C@H](CO)[C@H](O)[C@H](n3cc(-c4cc(F)c5ccccc5c4)nn3)[C@H]2O)n(-c2ccc3ncsc3c2)n1,IC50,15.0,nM,7.82,1148107,CHEMBL5737905,9,CHEMBL4531,CHEMBL5729012,8itz,P17931
CHEMBL6046548,Cc1nc([C@@H]2O[C@H](CO)[C@H](O)[C@H](n3cc(-c4ccc(Br)c(F)c4)nn3)[C@H]2O)n(-c2cc(Cl)cnc2C(F)(F)F)n1,IC50,49.0,nM,7.31,1148108,CHEMBL5737905,9,CHEMBL4531,CHEMBL5729012,8itz,P17931
CHEMBL5822485,Cc1nc([C@@H]2O[C@H](CO)[C@H](O)[C@H](n3cc(-c4ccc(Cl)c(F)c4F)nn3)[C@H]2O)n(-c2cc(Cl)ccc2Cl)n1,IC50,11.0,nM,7.96,1148109,CHEMBL5737905,9,CHEMBL4531,CHEMBL5729012,8itz,P17931
CHEMBL5841160,Cc1nc([C@@H]2O[C@H](CO)[C@H](O)[C@H](n3cc(-c4ccc(Cl)c(F)c4F)nn3)[C@H]2O)n(-c2cc(Cl)ccc2Br)n1,IC50,10.0,nM,8.0,1148110,CHEMBL5737905,9,CHEMBL4531,CHEMBL5729012,8itz,P17931
CHEMBL5850305,Cc1nc([C@@H]2O[C@H](CO)[C@H](O)[C@H](n3cc(-c4cc(F)c(F)c(F)c4)nn3)[C@H]2O)n(-c2ccc3nc(C)sc3c2)n1,IC50,58.0,nM,7.24,1148111,CHEMBL5737905,9,CHEMBL4531,CHEMBL5729012,8itz,P17931
CHEMBL5944107,CO[C@@H]1[C@@H](n2cc(-c3ccc(Br)c(F)c3)nn2)[C@@H](O)[C@@H](CO)O[C@H]1c1nc(C)nn1-c1ccc2ncsc2c1,IC50,340.0,nM,6.47,1148112,CHEMBL5737905,9,CHEMBL4531,CHEMBL5729012,8itz,P17931
CHEMBL5181786,Cc1nc([C@@H]2O[C@H](CO)[C@H](O)[C@H](n3cc(-c4ccc(Br)c(F)c4F)nn3)[C@H]2O)n(-c2cc(Cl)ccc2C(F)(F)F)n1,IC50,7.0,nM,8.15,1148113,CHEMBL5737905,9,CHEMBL4531,CHEMBL5729012,8itz,P17931
CHEMBL5181786,Cc1nc([C@@H]2O[C@H](CO)[C@H](O)[C@H](n3cc(-c4ccc(Br)c(F)c4F)nn3)[C@H]2O)n(-c2cc(Cl)ccc2C(F)(F)F)n1,IC50,7.0,nM,8.15,1148113,CHEMBL5737905,9,CHEMBL4531,CHEMBL5729012,8itz,P17931
CHEMBL5741629,COc1cc(-c2cn([C@H]3[C@@H](O)[C@@H](CO)O[C@@H](c4nc(C)nn4-c4cc(Cl)ccc4C(F)(F)F)[C@@H]3O)nn2)ccc1Cl,IC50,40.0,nM,7.4,1148114,CHEMBL5737905,9,CHEMBL4531,CHEMBL5729012,8itz,P17931
CHEMBL1162115,CS[C@@H]1O[C@H](CO)[C@H](O)[C@H](NC(=O)c2ccc(C)cc2)[C@H]1OS(=O)(=O)O,Kd,87000.0,nM,4.06,,CHEMBL925708,9,CHEMBL4531,CHEMBL1144853,8itz,P17931
CHEMBL1162111,CS[C@@H]1O[C@H](CO)[C@H](O)[C@H](O)[C@H]1OS(=O)(=O)O,Kd,2800000.0,nM,,,CHEMBL925708,9,CHEMBL4531,CHEMBL1144853,8itz,P17931
CHEMBL405142,CS[C@@H]1O[C@H](CO)[C@H](O)[C@H](O)[C@H]1O,Kd,5900000.0,nM,,,CHEMBL925708,9,CHEMBL4531,CHEMBL1144853,8itz,P17931
CHEMBL260473,CS[C@@H]1O[C@H](CO)[C@H](O)[C@H](NC(=O)c2ccc(C)cc2)[C@H]1O,Kd,220000.0,nM,,,CHEMBL925708,9,CHEMBL4531,CHEMBL1144853,8itz,P17931
CHEMBL260473,CS[C@@H]1O[C@H](CO)[C@H](O)[C@H](NC(=O)c2ccc(C)cc2)[C@H]1O,Kd,220000.0,nM,,,CHEMBL925708,9,CHEMBL4531,CHEMBL1144853,8itz,P17931
CHEMBL259770,CS[C@@H]1O[C@H](CO)[C@H](O)[C@H](NC(=O)c2ccc(C)cc2)[C@H]1OC(=O)c1ccccc1,Kd,380000.0,nM,,,CHEMBL925708,9,CHEMBL4531,CHEMBL1144853,8itz,P17931
CHEMBL405143,CS[C@@H]1O[C@H](CO)[C@H](O)[C@H](NC(=O)c2ccc(C)cc2)[C@H]1OC(C)=O,Kd,240000.0,nM,,,CHEMBL925708,9,CHEMBL4531,CHEMBL1144853,8itz,P17931
CHEMBL1162112,CS[C@@H]1O[C@H](CO)[C@H](O)[C@H](NC(=O)c2ccc(C)cc2)[C@H]1OP(=O)(O)OCc1ccccc1,Kd,120000.0,nM,,,CHEMBL925708,9,CHEMBL4531,CHEMBL1144853,8itz,P17931
CHEMBL1162113,CS[C@@H]1O[C@H](CO)[C@H](O)[C@H](NC(=O)c2ccc(C)cc2)[C@H]1OP(=O)(O)O,Kd,250000.0,nM,,,CHEMBL925708,9,CHEMBL4531,CHEMBL1144853,8itz,P17931
CHEMBL1162114,CS[C@@H]1O[C@H](CO)[C@H](O)[C@H](NC(=O)c2ccc(C)cc2)[C@H]1O[PH](=O)O,Kd,150000.0,nM,,,CHEMBL925708,9,CHEMBL4531,CHEMBL1144853,8itz,P17931
CHEMBL500137,CS[C@@H]1O[C@H](CO)[C@H](O)[C@H](n2cc(C(=O)NCc3ccccc3)nn2)[C@H]1O,Kd,110000.0,nM,,,CHEMBL1005623,8,CHEMBL4531,CHEMBL1156608,8itz,P17931
CHEMBL500137,CS[C@@H]1O[C@H](CO)[C@H](O)[C@H](n2cc(C(=O)NCc3ccccc3)nn2)[C@H]1O,Kd,110000.0,nM,,,CHEMBL1005623,8,CHEMBL4531,CHEMBL1156608,8itz,P17931
CHEMBL500137,CS[C@@H]1O[C@H](CO)[C@H](O)[C@H](n2cc(C(=O)NCc3ccccc3)nn2)[C@H]1O,Kd,110000.0,nM,,,CHEMBL1005623,8,CHEMBL4531,CHEMBL1156608,8itz,P17931
CHEMBL502635,O=C(N[C@@H]1[C@H](O)[C@H](CO)O[C@H](S[C@@H]2O[C@H](CO)[C@H](O)[C@H](NC(=O)c3ccc([N+](=O)[O-])cc3)[C@H]2O)[C@H]1O)c1ccc([N+](=O)[O-])cc1,Kd,33.0,nM,7.48,,CHEMBL1005623,8,CHEMBL4531,CHEMBL1156608,8itz,P17931
CHEMBL502911,CO[C@@H]1O[C@H](CO)[C@@H](O[C@@H]2O[C@H](CO)[C@H](O)[C@H](NC(=O)c3cc4ccccc4cc3C(=O)O)[C@H]2O)[C@H](O)[C@H]1NC(C)=O,Kd,300.0,nM,6.52,,CHEMBL1005623,8,CHEMBL4531,CHEMBL1156608,8itz,P17931
CHEMBL203050,O=S(=O)(c1ccc2ccccc2c1)[C@@H]1O[C@H](CO)[C@@H](O[C@@H]2O[C@H](CO)[C@H](O)[C@H](O)[C@H]2O)[C@H](O)[C@H]1O,Kd,313000.0,nM,,,CHEMBL1005623,8,CHEMBL4531,CHEMBL1156608,8itz,P17931
CHEMBL442951,CO[C@@H]1O[C@H](CO)[C@H](O)[C@H](O)[C@H]1O,Kd,4400000.0,nM,,,CHEMBL946200,9,CHEMBL4531,CHEMBL1157484,8itz,P17931
CHEMBL442951,CO[C@@H]1O[C@H](CO)[C@H](O)[C@H](O)[C@H]1O,Kd,4400000.0,nM,,,CHEMBL946200,9,CHEMBL4531,CHEMBL1157484,8itz,P17931
CHEMBL442951,CO[C@@H]1O[C@H](CO)[C@H](O)[C@H](O)[C@H]1O,Kd,4400000.0,nM,,,CHEMBL946200,9,CHEMBL4531,CHEMBL1157484,8itz,P17931
CHEMBL442951,CO[C@@H]1O[C@H](CO)[C@H](O)[C@H](O)[C@H]1O,Kd,4400000.0,nM,,,CHEMBL946200,9,CHEMBL4531,CHEMBL1157484,8itz,P17931
CHEMBL442951,CO[C@@H]1O[C@H](CO)[C@H](O)[C@H](O)[C@H]1O,Kd,4400000.0,nM,,,CHEMBL946200,9,CHEMBL4531,CHEMBL1157484,8itz,P17931
CHEMBL442951,CO[C@@H]1O[C@H](CO)[C@H](O)[C@H](O)[C@H]1O,Kd,4400000.0,nM,,,CHEMBL946200,9,CHEMBL4531,CHEMBL1157484,8itz,P17931
CHEMBL442951,CO[C@@H]1O[C@H](CO)[C@H](O)[C@H](O)[C@H]1O,Kd,4400000.0,nM,,,CHEMBL946200,9,CHEMBL4531,CHEMBL1157484,8itz,P17931
CHEMBL486246,CCN(CC)CC.CO[C@@H]1O[C@H](CO)[C@H](O)[C@H](OC(=O)c2ccc(C)cc2)[C@@H]1OP(=O)(O)OC,Kd,600000.0,nM,,,CHEMBL946200,9,CHEMBL4531,CHEMBL1157484,8itz,P17931
CHEMBL479534,CCN(CC)CC.CO[C@@H]1O[C@H](CO)[C@H](O)[C@H](OC(=O)c2ccc(C)cc2)[C@@H]1OP(=O)(O)OCc1ccc(C)cc1,Kd,2500000.0,nM,,,CHEMBL946200,9,CHEMBL4531,CHEMBL1157484,8itz,P17931
CHEMBL471377,CCN(CC)CC.CO[C@@H]1O[C@H](CO)[C@H](O)[C@H](OC(=O)c2ccc(C)cc2)[C@@H]1O[PH](=O)O,Kd,2300000.0,nM,,,CHEMBL946200,9,CHEMBL4531,CHEMBL1157484,8itz,P17931
CHEMBL511306,CCN(CC)CC.CO[C@@H]1O[C@H](CO)[C@H](O)[C@H](OC(=O)c2ccc(C)cc2)[C@@H]1OS(=O)(=O)O,Kd,250000.0,nM,,,CHEMBL946200,9,CHEMBL4531,CHEMBL1157484,8itz,P17931
CHEMBL471376,CO[C@@H]1O[C@H](CO)[C@H](O)[C@H](OC(=O)c2ccc(C)cc2)[C@@H]1OC(C)=O,Kd,550000.0,nM,,,CHEMBL946200,9,CHEMBL4531,CHEMBL1157484,8itz,P17931
CHEMBL471376,CO[C@@H]1O[C@H](CO)[C@H](O)[C@H](OC(=O)c2ccc(C)cc2)[C@@H]1OC(C)=O,Kd,550000.0,nM,,,CHEMBL946200,9,CHEMBL4531,CHEMBL1157484,8itz,P17931
CHEMBL488847,CO[C@@H]1O[C@H](CO)[C@H](O)[C@H](OC(=O)c2ccc(C)cc2)[C@@H]1OC(=O)c1ccc(C)cc1,Kd,700000.0,nM,,,CHEMBL946200,9,CHEMBL4531,CHEMBL1157484,8itz,P17931
CHEMBL488846,CO[C@@H]1O[C@H](CO)[C@H](O)[C@H](OC(=O)c2ccc(C)cc2)[C@@H]1O,Kd,1400000.0,nM,,,CHEMBL946200,9,CHEMBL4531,CHEMBL1157484,8itz,P17931
CHEMBL502337,CO[C@@H]1O[C@H](CO)[C@H](O)[C@H](O)[C@@H]1O,Kd,10000000.0,nM,,,CHEMBL946200,9,CHEMBL4531,CHEMBL1157484,8itz,P17931
CHEMBL458489,O=C(O[C@H]1[C@@H](O)[C@@H](CO)O[C@@H](S[C@@H]2O[C@H](CO)[C@H](O)[C@H](OC(=O)c3ccccc3)[C@H]2O)[C@@H]1O)c1ccccc1,Kd,1600.0,nM,5.8,,CHEMBL1013540,8,CHEMBL4531,CHEMBL1151729,8itz,P17931
CHEMBL509915,COc1cccc(C(=O)O[C@H]2[C@@H](O)[C@@H](CO)O[C@@H](S[C@@H]3O[C@H](CO)[C@H](O)[C@H](OC(=O)c4cccc(OC)c4)[C@H]3O)[C@@H]2O)c1,Kd,690.0,nM,6.16,,CHEMBL1013540,8,CHEMBL4531,CHEMBL1151729,8itz,P17931
CHEMBL505576,Cc1ccc(C(=O)O[C@H]2[C@@H](O)[C@@H](CO)O[C@@H](S[C@@H]3O[C@H](CO)[C@H](O)[C@H](OC(=O)c4ccc(C)cc4)[C@H]3O)[C@@H]2O)cc1,Kd,3600.0,nM,5.44,,CHEMBL1013540,8,CHEMBL4531,CHEMBL1151729,8itz,P17931
CHEMBL509180,O=C(O[C@H]1[C@@H](O)[C@@H](CO)O[C@@H](S[C@@H]2O[C@H](CO)[C@H](O)[C@H](OC(=O)c3cccc4ccccc34)[C@H]2O)[C@@H]1O)c1cccc2ccccc12,Kd,3800.0,nM,5.42,,CHEMBL1013540,8,CHEMBL4531,CHEMBL1151729,8itz,P17931
CHEMBL443156,O=C(O[C@H]1[C@@H](O)[C@@H](CO)O[C@@H](S[C@@H]2O[C@H](CO)[C@H](O)[C@H](OC(=O)c3ccc4ccccc4c3)[C@H]2O)[C@@H]1O)c1ccc2ccccc2c1,Kd,10700.0,nM,4.97,,CHEMBL1013540,8,CHEMBL4531,CHEMBL1151729,8itz,P17931
CHEMBL457221,O=C(N[C@H]1[C@@H](O)[C@@H](CO)O[C@@H](S[C@@H]2O[C@H](CO)[C@H](O)[C@H](NC(=O)c3ccccc3)[C@H]2O)[C@@H]1O)c1ccccc1,Kd,4300.0,nM,5.37,,CHEMBL1013540,8,CHEMBL4531,CHEMBL1151729,8itz,P17931
CHEMBL503116,COc1cccc(C(=O)N[C@H]2[C@@H](O)[C@@H](CO)O[C@@H](S[C@@H]3O[C@H](CO)[C@H](O)[C@H](NC(=O)c4cccc(OC)c4)[C@H]3O)[C@@H]2O)c1,Kd,2100.0,nM,5.68,,CHEMBL1013540,8,CHEMBL4531,CHEMBL1151729,8itz,P17931
CHEMBL444662,O=C(N[C@H]1[C@@H](O)[C@@H](CO)O[C@@H](S[C@@H]2O[C@H](CO)[C@H](O)[C@H](NC(=O)c3ccc4ccccc4c3)[C@H]2O)[C@@H]1O)c1ccc2ccccc2c1,Kd,1700.0,nM,5.77,,CHEMBL1013540,8,CHEMBL4531,CHEMBL1151729,8itz,P17931
CHEMBL444662,O=C(N[C@H]1[C@@H](O)[C@@H](CO)O[C@@H](S[C@@H]2O[C@H](CO)[C@H](O)[C@H](NC(=O)c3ccc4ccccc4c3)[C@H]2O)[C@@H]1O)c1ccc2ccccc2c1,Kd,1700.0,nM,5.77,,CHEMBL1013540,8,CHEMBL4531,CHEMBL1151729,8itz,P17931
CHEMBL516152,CO[C@@H]1O[C@H](CO)[C@@H](O[C@@H]2O[C@H](CO)[C@H](O)[C@H](NC(=O)c3cccc4ccccc34)[C@H]2O)[C@H](O)[C@H]1NC(C)=O,Kd,4400.0,nM,5.36,,CHEMBL1013540,8,CHEMBL4531,CHEMBL1151729,8itz,P17931
CHEMBL457430,CO[C@@H]1O[C@H](CO)[C@@H](O[C@@H]2O[C@H](CO)[C@H](O)[C@H](O)[C@H]2O)[C@H](O)[C@H]1OC(=O)c1cccc2ccccc12,Kd,2500.0,nM,5.6,,CHEMBL1013540,8,CHEMBL4531,CHEMBL1151729,8itz,P17931
CHEMBL52011,OC[C@H]1O[C@@H](S[C@@H]2O[C@H](CO)[C@H](O)[C@H](O)[C@H]2O)[C@H](O)[C@@H](O)[C@H]1O,Kd,49000.0,nM,4.31,,CHEMBL1013540,8,CHEMBL4531,CHEMBL1151729,8itz,P17931
CHEMBL52011,OC[C@H]1O[C@@H](S[C@@H]2O[C@H](CO)[C@H](O)[C@H](O)[C@H]2O)[C@H](O)[C@@H](O)[C@H]1O,Kd,49000.0,nM,4.31,,CHEMBL1013540,8,CHEMBL4531,CHEMBL1151729,8itz,P17931
CHEMBL52011,OC[C@H]1O[C@@H](S[C@@H]2O[C@H](CO)[C@H](O)[C@H](O)[C@H]2O)[C@H](O)[C@@H](O)[C@H]1O,Kd,49000.0,nM,4.31,,CHEMBL1013540,8,CHEMBL4531,CHEMBL1151729,8itz,P17931
CHEMBL52011,OC[C@H]1O[C@@H](S[C@@H]2O[C@H](CO)[C@H](O)[C@H](O)[C@H]2O)[C@H](O)[C@@H](O)[C@H]1O,Kd,49000.0,nM,4.31,,CHEMBL1013540,8,CHEMBL4531,CHEMBL1151729,8itz,P17931
CHEMBL52011,OC[C@H]1O[C@@H](S[C@@H]2O[C@H](CO)[C@H](O)[C@H](O)[C@H]2O)[C@H](O)[C@@H](O)[C@H]1O,Kd,49000.0,nM,4.31,,CHEMBL1013540,8,CHEMBL4531,CHEMBL1151729,8itz,P17931
CHEMBL52011,OC[C@H]1O[C@@H](S[C@@H]2O[C@H](CO)[C@H](O)[C@H](O)[C@H]2O)[C@H](O)[C@@H](O)[C@H]1O,Kd,49000.0,nM,4.31,,CHEMBL1013540,8,CHEMBL4531,CHEMBL1151729,8itz,P17931
CHEMBL52011,OC[C@H]1O[C@@H](S[C@@H]2O[C@H](CO)[C@H](O)[C@H](O)[C@H]2O)[C@H](O)[C@@H](O)[C@H]1O,Kd,49000.0,nM,4.31,,CHEMBL1013540,8,CHEMBL4531,CHEMBL1151729,8itz,P17931
CHEMBL457432,CC(=O)N[C@@H]1[C@@H](O)[C@H](O[C@@H]2O[C@H](CO)[C@H](O)[C@H](O)[C@H]2O)[C@@H](CO)O[C@H]1O,Kd,550000.0,nM,,,CHEMBL1013540,8,CHEMBL4531,CHEMBL1151729,8itz,P17931
CHEMBL5314358,,Kd,110000.0,nM,,,CHEMBL1013540,8,CHEMBL4531,CHEMBL1151729,8itz,P17931
CHEMBL5314358,,Kd,110000.0,nM,,,CHEMBL1013540,8,CHEMBL4531,CHEMBL1151729,8itz,P17931
CHEMBL5314358,,Kd,110000.0,nM,,,CHEMBL1013540,8,CHEMBL4531,CHEMBL1151729,8itz,P17931
CHEMBL5314358,,Kd,110000.0,nM,,,CHEMBL1013540,8,CHEMBL4531,CHEMBL1151729,8itz,P17931
CHEMBL5314358,,Kd,110000.0,nM,,,CHEMBL1013540,8,CHEMBL4531,CHEMBL1151729,8itz,P17931
CHEMBL5314358,,Kd,110000.0,nM,,,CHEMBL1013540,8,CHEMBL4531,CHEMBL1151729,8itz,P17931
CHEMBL5314358,,Kd,110000.0,nM,,,CHEMBL1013540,8,CHEMBL4531,CHEMBL1151729,8itz,P17931
CHEMBL5314358,,Kd,110000.0,nM,,,CHEMBL1013540,8,CHEMBL4531,CHEMBL1151729,8itz,P17931
CHEMBL1254521,CS[C@@H]1O[C@H](CO)[C@H](O)[C@H](n2cc(C3(O)CCCCC3)nn2)[C@H]1O,Kd,1600000.0,nM,,,CHEMBL1252151,9,CHEMBL4531,CHEMBL1250422,8itz,P17931
CHEMBL1254599,CS[C@@H]1O[C@H](CO)[C@H](O)[C@H](n2cc(-c3ccccc3)nn2)[C@H]1O,Kd,150000.0,nM,,,CHEMBL1252151,9,CHEMBL4531,CHEMBL1250422,8itz,P17931
CHEMBL1254600,COc1cccc(-c2cn([C@H]3[C@@H](O)[C@@H](CO)O[C@@H](SC)[C@@H]3O)nn2)c1,Kd,130000.0,nM,,,CHEMBL1252151,9,CHEMBL4531,CHEMBL1250422,8itz,P17931
CHEMBL1254601,COc1ccc(-c2cn([C@H]3[C@@H](O)[C@@H](CO)O[C@@H](SC)[C@@H]3O)nn2)cc1,Kd,260000.0,nM,,,CHEMBL1252151,9,CHEMBL4531,CHEMBL1250422,8itz,P17931
CHEMBL1254676,CS[C@@H]1O[C@H](CO)[C@H](O)[C@H](n2cc(-c3ccccc3F)nn2)[C@H]1O,Kd,200000.0,nM,,,CHEMBL1252151,9,CHEMBL4531,CHEMBL1250422,8itz,P17931
CHEMBL1254677,CS[C@@H]1O[C@H](CO)[C@H](O)[C@H](n2cc(-c3cccc4ccccc34)nn2)[C@H]1O,Kd,120000.0,nM,,,CHEMBL1252151,9,CHEMBL4531,CHEMBL1250422,8itz,P17931
CHEMBL1254760,CS[C@@H]1O[C@H](CO)[C@H](O)[C@H](n2cc(-c3cccnc3)nn2)[C@H]1O,Kd,1900000.0,nM,,,CHEMBL1252151,9,CHEMBL4531,CHEMBL1250422,8itz,P17931
CHEMBL1254761,CS[C@@H]1O[C@H](CO)[C@H](O)[C@H](n2cc(S(=O)(=O)c3ccc(C)cc3)nn2)[C@H]1O,Kd,130000.0,nM,,,CHEMBL1252151,9,CHEMBL4531,CHEMBL1250422,8itz,P17931
CHEMBL1254845,CS[C@@H]1O[C@H](CO)[C@H](O)[C@H](n2nncc2S(=O)(=O)c2ccc(C)cc2)[C@H]1O,Kd,5000000.0,nM,,,CHEMBL1252151,9,CHEMBL4531,CHEMBL1250422,8itz,P17931
CHEMBL1254846,CNC(=O)c1nnn([C@H]2[C@@H](O)[C@@H](CO)O[C@@H](SC)[C@@H]2O)c1C(=O)NC,Kd,5000000.0,nM,,,CHEMBL1252151,9,CHEMBL4531,CHEMBL1250422,8itz,P17931
CHEMBL1254847,CNC(=O)c1cn([C@H]2[C@@H](O)[C@@H](CO)O[C@@H](SC)[C@@H]2O)nn1,Kd,230000.0,nM,,,CHEMBL1252151,9,CHEMBL4531,CHEMBL1250422,8itz,P17931
CHEMBL1254932,CCCCNC(=O)c1cn([C@H]2[C@@H](O)[C@@H](CO)O[C@@H](SC)[C@@H]2O)nn1,Kd,150000.0,nM,,,CHEMBL1252151,9,CHEMBL4531,CHEMBL1250422,8itz,P17931
CHEMBL1254933,CS[C@@H]1O[C@H](CO)[C@H](O)[C@H](n2cc(C(=O)NCCCO)nn2)[C@H]1O,Kd,360000.0,nM,,,CHEMBL1252151,9,CHEMBL4531,CHEMBL1250422,8itz,P17931
CHEMBL1255018,CS[C@@H]1O[C@H](CO)[C@H](O)[C@H](n2cc(C(=O)NCCN3CCOCC3)nn2)[C@H]1O,Kd,520000.0,nM,,,CHEMBL1252151,9,CHEMBL4531,CHEMBL1250422,8itz,P17931
CHEMBL500137,CS[C@@H]1O[C@H](CO)[C@H](O)[C@H](n2cc(C(=O)NCc3ccccc3)nn2)[C@H]1O,Kd,150000.0,nM,,,CHEMBL1252151,9,CHEMBL4531,CHEMBL1250422,8itz,P17931
CHEMBL500137,CS[C@@H]1O[C@H](CO)[C@H](O)[C@H](n2cc(C(=O)NCc3ccccc3)nn2)[C@H]1O,Kd,150000.0,nM,,,CHEMBL1252151,9,CHEMBL4531,CHEMBL1250422,8itz,P17931
CHEMBL500137,CS[C@@H]1O[C@H](CO)[C@H](O)[C@H](n2cc(C(=O)NCc3ccccc3)nn2)[C@H]1O,Kd,150000.0,nM,,,CHEMBL1252151,9,CHEMBL4531,CHEMBL1250422,8itz,P17931
CHEMBL1253188,CS[C@@H]1O[C@H](CO)[C@H](O)[C@H](n2nnc(C(N)=O)c2N)[C@H]1O,Kd,2000000.0,nM,,,CHEMBL1252151,9,CHEMBL4531,CHEMBL1250422,8itz,P17931
CHEMBL1253843,CNC(=O)c1cn([C@H]2[C@@H](O)[C@@H](CO)O[C@@H](O[C@H]3[C@H](O)[C@@H](NC(C)=O)[C@H](OC)O[C@@H]3CO)[C@@H]2O)nn1,Kd,3800.0,nM,5.42,,CHEMBL1252151,9,CHEMBL4531,CHEMBL1250422,8itz,P17931
CHEMBL1253740,CO[C@@H]1O[C@H](CO)[C@@H](O[C@@H]2O[C@H](CO)[C@H](O)[C@H](n3cc(C(=O)NCc4ccccc4)nn3)[C@H]2O)[C@H](O)[C@H]1NC(C)=O,Kd,1500.0,nM,5.82,,CHEMBL1252151,9,CHEMBL4531,CHEMBL1250422,8itz,P17931
CHEMBL1253741,CO[C@@H]1O[C@H](CO)[C@@H](O[C@@H]2O[C@H](CO)[C@H](O)[C@H](n3cc(C(=O)Nc4cccc5ccccc45)nn3)[C@H]2O)[C@H](O)[C@H]1NC(C)=O,Kd,660.0,nM,6.18,,CHEMBL1252151,9,CHEMBL4531,CHEMBL1250422,8itz,P17931
CHEMBL1253923,CNC(=O)c1cn([C@H]2[C@@H](O)[C@@H](CO)O[C@@H](S[C@@H]3O[C@H](CO)[C@H](O)[C@H](n4cc(C(=O)NC)nn4)[C@H]3O)[C@@H]2O)nn1,Kd,120.0,nM,6.92,,CHEMBL1252151,9,CHEMBL4531,CHEMBL1250422,8itz,P17931
CHEMBL1253742,CCCCNC(=O)c1cn([C@H]2[C@@H](O)[C@@H](CO)O[C@@H](S[C@@H]3O[C@H](CO)[C@H](O)[C@H](n4cc(C(=O)NCCCC)nn4)[C@H]3O)[C@@H]2O)nn1,Kd,29.0,nM,7.54,,CHEMBL1252151,9,CHEMBL4531,CHEMBL1250422,8itz,P17931
CHEMBL1253743,O=C(NCc1ccccc1)c1cn([C@H]2[C@@H](O)[C@@H](CO)O[C@@H](S[C@@H]3O[C@H](CO)[C@H](O)[C@H](n4cc(C(=O)NCc5ccccc5)nn4)[C@H]3O)[C@@H]2O)nn1,Kd,390.0,nM,6.41,,CHEMBL1252151,9,CHEMBL4531,CHEMBL1250422,8itz,P17931
CHEMBL1253726,O=C(NCCc1ccccc1)c1cn([C@H]2[C@@H](O)[C@@H](CO)O[C@@H](S[C@@H]3O[C@H](CO)[C@H](O)[C@H](n4cc(C(=O)NCCc5ccccc5)nn4)[C@H]3O)[C@@H]2O)nn1,Kd,150.0,nM,6.82,,CHEMBL1252151,9,CHEMBL4531,CHEMBL1250422,8itz,P17931
CHEMBL1253187,C=CCNC(=O)c1cn([C@H]2[C@@H](O)[C@@H](CO)O[C@@H](S[C@@H]3O[C@H](CO)[C@H](O)[C@H](n4cc(C(=O)NCC=C)nn4)[C@H]3O)[C@@H]2O)nn1,Kd,65.0,nM,7.19,,CHEMBL1252151,9,CHEMBL4531,CHEMBL1250422,8itz,P17931
CHEMBL1253744,CC(O)CNC(=O)c1cn([C@H]2[C@@H](O)[C@@H](CO)O[C@@H](S[C@@H]3O[C@H](CO)[C@H](O)[C@H](n4cc(C(=O)NCC(C)O)nn4)[C@H]3O)[C@@H]2O)nn1,Kd,120.0,nM,6.92,,CHEMBL1252151,9,CHEMBL4531,CHEMBL1250422,8itz,P17931
CHEMBL1253745,COCCNC(=O)c1cn([C@H]2[C@@H](O)[C@@H](CO)O[C@@H](S[C@@H]3O[C@H](CO)[C@H](O)[C@H](n4cc(C(=O)NCCOC)nn4)[C@H]3O)[C@@H]2O)nn1,Kd,250.0,nM,6.6,,CHEMBL1252151,9,CHEMBL4531,CHEMBL1250422,8itz,P17931
CHEMBL442951,CO[C@@H]1O[C@H](CO)[C@H](O)[C@H](O)[C@H]1O,Kd,4400000.0,nM,,,CHEMBL1252151,9,CHEMBL4531,CHEMBL1250422,8itz,P17931
CHEMBL442951,CO[C@@H]1O[C@H](CO)[C@H](O)[C@H](O)[C@H]1O,Kd,4400000.0,nM,,,CHEMBL1252151,9,CHEMBL4531,CHEMBL1250422,8itz,P17931
CHEMBL442951,CO[C@@H]1O[C@H](CO)[C@H](O)[C@H](O)[C@H]1O,Kd,4400000.0,nM,,,CHEMBL1252151,9,CHEMBL4531,CHEMBL1250422,8itz,P17931
CHEMBL442951,CO[C@@H]1O[C@H](CO)[C@H](O)[C@H](O)[C@H]1O,Kd,4400000.0,nM,,,CHEMBL1252151,9,CHEMBL4531,CHEMBL1250422,8itz,P17931
CHEMBL442951,CO[C@@H]1O[C@H](CO)[C@H](O)[C@H](O)[C@H]1O,Kd,4400000.0,nM,,,CHEMBL1252151,9,CHEMBL4531,CHEMBL1250422,8itz,P17931
CHEMBL442951,CO[C@@H]1O[C@H](CO)[C@H](O)[C@H](O)[C@H]1O,Kd,4400000.0,nM,,,CHEMBL1252151,9,CHEMBL4531,CHEMBL1250422,8itz,P17931
CHEMBL442951,CO[C@@H]1O[C@H](CO)[C@H](O)[C@H](O)[C@H]1O,Kd,4400000.0,nM,,,CHEMBL1252151,9,CHEMBL4531,CHEMBL1250422,8itz,P17931
CHEMBL502001,CO[C@@H]1O[C@H](CO)[C@@H](O[C@@H]2O[C@H](CO)[C@H](O)[C@H](O)[C@H]2O)[C@H](O)[C@H]1NC(C)=O,Kd,59000.0,nM,4.23,,CHEMBL1252151,9,CHEMBL4531,CHEMBL1250422,8itz,P17931
CHEMBL502001,CO[C@@H]1O[C@H](CO)[C@@H](O[C@@H]2O[C@H](CO)[C@H](O)[C@H](O)[C@H]2O)[C@H](O)[C@H]1NC(C)=O,Kd,59000.0,nM,4.23,,CHEMBL1252151,9,CHEMBL4531,CHEMBL1250422,8itz,P17931
CHEMBL52011,OC[C@H]1O[C@@H](S[C@@H]2O[C@H](CO)[C@H](O)[C@H](O)[C@H]2O)[C@H](O)[C@@H](O)[C@H]1O,Kd,49000.0,nM,4.31,,CHEMBL1252151,9,CHEMBL4531,CHEMBL1250422,8itz,P17931
CHEMBL52011,OC[C@H]1O[C@@H](S[C@@H]2O[C@H](CO)[C@H](O)[C@H](O)[C@H]2O)[C@H](O)[C@@H](O)[C@H]1O,Kd,49000.0,nM,4.31,,CHEMBL1252151,9,CHEMBL4531,CHEMBL1250422,8itz,P17931
CHEMBL52011,OC[C@H]1O[C@@H](S[C@@H]2O[C@H](CO)[C@H](O)[C@H](O)[C@H]2O)[C@H](O)[C@@H](O)[C@H]1O,Kd,49000.0,nM,4.31,,CHEMBL1252151,9,CHEMBL4531,CHEMBL1250422,8itz,P17931
CHEMBL52011,OC[C@H]1O[C@@H](S[C@@H]2O[C@H](CO)[C@H](O)[C@H](O)[C@H]2O)[C@H](O)[C@@H](O)[C@H]1O,Kd,49000.0,nM,4.31,,CHEMBL1252151,9,CHEMBL4531,CHEMBL1250422,8itz,P17931
CHEMBL52011,OC[C@H]1O[C@@H](S[C@@H]2O[C@H](CO)[C@H](O)[C@H](O)[C@H]2O)[C@H](O)[C@@H](O)[C@H]1O,Kd,49000.0,nM,4.31,,CHEMBL1252151,9,CHEMBL4531,CHEMBL1250422,8itz,P17931
CHEMBL52011,OC[C@H]1O[C@@H](S[C@@H]2O[C@H](CO)[C@H](O)[C@H](O)[C@H]2O)[C@H](O)[C@@H](O)[C@H]1O,Kd,49000.0,nM,4.31,,CHEMBL1252151,9,CHEMBL4531,CHEMBL1250422,8itz,P17931
CHEMBL52011,OC[C@H]1O[C@@H](S[C@@H]2O[C@H](CO)[C@H](O)[C@H](O)[C@H]2O)[C@H](O)[C@@H](O)[C@H]1O,Kd,49000.0,nM,4.31,,CHEMBL1252151,9,CHEMBL4531,CHEMBL1250422,8itz,P17931
CHEMBL1254013,CO[C@@H]1O[C@H](CO)[C@@H](O[C@@H]2O[C@H](CO)[C@H](O)[C@H](NC(=O)c3ccc4ccccc4c3)[C@H]2O)[C@H](O)[C@H]1NC(C)=O,Kd,480.0,nM,6.32,,CHEMBL1252151,9,CHEMBL4531,CHEMBL1250422,8itz,P17931
CHEMBL1253217,COc1cc(OC)cc(C(=O)N[C@@H]2[C@@H](O)[C@@H](S[C@@H]3O[C@H](CO)[C@H](O)[C@H](NC(=O)c4cc(OC)cc(OC)c4)[C@H]3O)O[C@H](CO)[C@@H]2O)c1,Kd,50.0,nM,7.3,,CHEMBL1252151,9,CHEMBL4531,CHEMBL1250422,8itz,P17931
CHEMBL1253737,CS[C@@H]1O[C@H](CO)[C@H](O)[C@H](n2ccnn2)[C@H]1O,Kd,5000000.0,nM,,,CHEMBL1252151,9,CHEMBL4531,CHEMBL1250422,8itz,P17931
CHEMBL1254520,COC(=O)c1cn([C@H]2[C@@H](O)[C@@H](CO)O[C@@H](SC)[C@@H]2O)nn1,Kd,1300000.0,nM,,,CHEMBL1252151,9,CHEMBL4531,CHEMBL1250422,8itz,P17931
CHEMBL1253738,CCCc1cn([C@H]2[C@@H](O)[C@@H](CO)O[C@@H](SC)[C@@H]2O)nn1,Kd,5000000.0,nM,,,CHEMBL1252151,9,CHEMBL4531,CHEMBL1250422,8itz,P17931
CHEMBL1253739,CS[C@@H]1O[C@H](CO)[C@H](O)[C@H](n2cc(CO)nn2)[C@H]1O,Kd,5000000.0,nM,,,CHEMBL1252151,9,CHEMBL4531,CHEMBL1250422,8itz,P17931
CHEMBL1669631,CC(=O)N[C@H]1[C@@H](OCCCCCCCCCCCCS)O[C@H](CO)[C@@H](O[C@@H]2O[C@H](CO)[C@H](O)[C@H](O)[C@H]2O)[C@@H]1O,Kd,2200.0,nM,5.66,,CHEMBL1670073,9,CHEMBL4531,CHEMBL1667821,8itz,P17931
CHEMBL1669631,CC(=O)N[C@H]1[C@@H](OCCCCCCCCCCCCS)O[C@H](CO)[C@@H](O[C@@H]2O[C@H](CO)[C@H](O)[C@H](O)[C@H]2O)[C@@H]1O,Kd,2200.0,nM,5.66,,CHEMBL1670073,9,CHEMBL4531,CHEMBL1667821,8itz,P17931
CHEMBL1669630,OC[C@H]1O[C@@H](O[C@H]2[C@H](O)C[C@@H](OCCCCCCCCCCCCS)O[C@@H]2CO)[C@H](O)[C@@H](O)[C@H]1O,Kd,1430.0,nM,5.84,,CHEMBL1670073,9,CHEMBL4531,CHEMBL1667821,8itz,P17931
CHEMBL1669630,OC[C@H]1O[C@@H](O[C@H]2[C@H](O)C[C@@H](OCCCCCCCCCCCCS)O[C@@H]2CO)[C@H](O)[C@@H](O)[C@H]1O,Kd,1430.0,nM,5.84,,CHEMBL1670073,9,CHEMBL4531,CHEMBL1667821,8itz,P17931
CHEMBL1669628,OC[C@H]1OC(O[C@H]2[C@H](O)[C@@H](O)[C@H](OCCCCCCCCCCCCS)O[C@@H]2CO)[C@H](O)[C@@H](O)[C@H]1O,Kd,1060.0,nM,5.97,,CHEMBL1670073,9,CHEMBL4531,CHEMBL1667821,8itz,P17931
CHEMBL1669628,OC[C@H]1OC(O[C@H]2[C@H](O)[C@@H](O)[C@H](OCCCCCCCCCCCCS)O[C@@H]2CO)[C@H](O)[C@@H](O)[C@H]1O,Kd,1060.0,nM,5.97,,CHEMBL1670073,9,CHEMBL4531,CHEMBL1667821,8itz,P17931
CHEMBL1669628,OC[C@H]1OC(O[C@H]2[C@H](O)[C@@H](O)[C@H](OCCCCCCCCCCCCS)O[C@@H]2CO)[C@H](O)[C@@H](O)[C@H]1O,Kd,1060.0,nM,5.97,,CHEMBL1670073,9,CHEMBL4531,CHEMBL1667821,8itz,P17931
CHEMBL1669628,OC[C@H]1OC(O[C@H]2[C@H](O)[C@@H](O)[C@H](OCCCCCCCCCCCCS)O[C@@H]2CO)[C@H](O)[C@@H](O)[C@H]1O,Kd,1060.0,nM,5.97,,CHEMBL1670073,9,CHEMBL4531,CHEMBL1667821,8itz,P17931
CHEMBL1669630,OC[C@H]1O[C@@H](O[C@H]2[C@H](O)C[C@@H](OCCCCCCCCCCCCS)O[C@@H]2CO)[C@H](O)[C@@H](O)[C@H]1O,Kd,1430.0,nM,5.84,,CHEMBL1670073,9,CHEMBL4531,CHEMBL1667821,8itz,P17931
CHEMBL1669630,OC[C@H]1O[C@@H](O[C@H]2[C@H](O)C[C@@H](OCCCCCCCCCCCCS)O[C@@H]2CO)[C@H](O)[C@@H](O)[C@H]1O,Kd,1430.0,nM,5.84,,CHEMBL1670073,9,CHEMBL4531,CHEMBL1667821,8itz,P17931
CHEMBL1669631,CC(=O)N[C@H]1[C@@H](OCCCCCCCCCCCCS)O[C@H](CO)[C@@H](O[C@@H]2O[C@H](CO)[C@H](O)[C@H](O)[C@H]2O)[C@@H]1O,Kd,2200.0,nM,5.66,,CHEMBL1670073,9,CHEMBL4531,CHEMBL1667821,8itz,P17931
CHEMBL1669631,CC(=O)N[C@H]1[C@@H](OCCCCCCCCCCCCS)O[C@H](CO)[C@@H](O[C@@H]2O[C@H](CO)[C@H](O)[C@H](O)[C@H]2O)[C@@H]1O,Kd,2200.0,nM,5.66,,CHEMBL1670073,9,CHEMBL4531,CHEMBL1667821,8itz,P17931
CHEMBL2313334,[N-]=[N+]=NCCCO[C@@H]1O[C@H](CO)[C@@H](O[C@@H]2O[C@H](CO)[C@H](O)[C@H](n3cc(-c4ccc(Oc5ccccc5)cc4)nn3)[C@H]2O)[C@H](O)[C@H]1NC(=O)c1ccccc1,Kd,2800.0,nM,5.55,,CHEMBL2319301,9,CHEMBL4531,CHEMBL2311254,8itz,P17931
CHEMBL2313335,[N-]=[N+]=NCCCO[C@@H]1O[C@H](CO)[C@@H](O[C@@H]2O[C@H](CO)[C@H](O)[C@H](n3cc(-c4ccc(Oc5ccccc5)cc4)nn3)[C@H]2O)[C@H](O)[C@H]1N1C(=O)c2ccccc2C1=O,Kd,2200.0,nM,5.66,,CHEMBL2319301,9,CHEMBL4531,CHEMBL2311254,8itz,P17931
CHEMBL2313336,[N-]=[N+]=NCCCO[C@@H]1O[C@H](CO)[C@@H](O[C@@H]2O[C@H](CO)[C@H](O)[C@H](OCc3ccc(Oc4ccccc4)cc3)[C@H]2O)[C@H](O)[C@H]1NC(=O)c1ccccc1,Kd,8100.0,nM,5.09,,CHEMBL2319301,9,CHEMBL4531,CHEMBL2311254,8itz,P17931
CHEMBL2313337,[N-]=[N+]=NCCCO[C@@H]1O[C@H](CO)[C@@H](O[C@@H]2O[C@H](CO)[C@H](O)[C@H](OCc3ccc(Oc4ccccc4)cc3)[C@H]2O)[C@H](O)[C@H]1N1C(=O)c2ccccc2C1=O,Kd,1200.0,nM,5.92,,CHEMBL2319301,9,CHEMBL4531,CHEMBL2311254,8itz,P17931
CHEMBL502001,CO[C@@H]1O[C@H](CO)[C@@H](O[C@@H]2O[C@H](CO)[C@H](O)[C@H](O)[C@H]2O)[C@H](O)[C@H]1NC(C)=O,Kd,69000.0,nM,4.16,,CHEMBL2319301,9,CHEMBL4531,CHEMBL2311254,8itz,P17931
CHEMBL502001,CO[C@@H]1O[C@H](CO)[C@@H](O[C@@H]2O[C@H](CO)[C@H](O)[C@H](O)[C@H]2O)[C@H](O)[C@H]1NC(C)=O,Kd,69000.0,nM,4.16,,CHEMBL2319301,9,CHEMBL4531,CHEMBL2311254,8itz,P17931
CHEMBL2313338,OC[C@H]1O[C@@H](S[C@@H]2O[C@H](CO)[C@H](O)[C@H](n3cc(-c4ccc(Oc5ccccc5)cc4)nn3)[C@H]2O)[C@H](O)[C@@H](n2cc(-c3ccc(Oc4ccccc4)cc3)nn2)[C@H]1O,Kd,360.0,nM,6.44,,CHEMBL2319301,9,CHEMBL4531,CHEMBL2311254,8itz,P17931
CHEMBL2313626,OC[C@H]1O[C@@H](S[C@@H]2O[C@H](CO)[C@H](O)[C@H](n3cc(-c4cccc(O)c4)nn3)[C@H]2O)[C@H](O)[C@@H](n2cc(-c3cccc(O)c3)nn2)[C@H]1O,Kd,22.0,nM,7.66,,CHEMBL2319301,9,CHEMBL4531,CHEMBL2311254,8itz,P17931
CHEMBL2313627,OC[C@H]1O[C@@H](S[C@@H]2O[C@H](CO)[C@H](O)[C@H](n3cc(-c4ccccc4)nn3)[C@H]2O)[C@H](O)[C@@H](n2cc(-c3ccccc3)nn2)[C@H]1O,Kd,44.0,nM,7.36,,CHEMBL2319301,9,CHEMBL4531,CHEMBL2311254,8itz,P17931
CHEMBL52011,OC[C@H]1O[C@@H](S[C@@H]2O[C@H](CO)[C@H](O)[C@H](O)[C@H]2O)[C@H](O)[C@@H](O)[C@H]1O,Kd,43000.0,nM,4.37,,CHEMBL2319301,9,CHEMBL4531,CHEMBL2311254,8itz,P17931
CHEMBL52011,OC[C@H]1O[C@@H](S[C@@H]2O[C@H](CO)[C@H](O)[C@H](O)[C@H]2O)[C@H](O)[C@@H](O)[C@H]1O,Kd,43000.0,nM,4.37,,CHEMBL2319301,9,CHEMBL4531,CHEMBL2311254,8itz,P17931
CHEMBL52011,OC[C@H]1O[C@@H](S[C@@H]2O[C@H](CO)[C@H](O)[C@H](O)[C@H]2O)[C@H](O)[C@@H](O)[C@H]1O,Kd,43000.0,nM,4.37,,CHEMBL2319301,9,CHEMBL4531,CHEMBL2311254,8itz,P17931
CHEMBL52011,OC[C@H]1O[C@@H](S[C@@H]2O[C@H](CO)[C@H](O)[C@H](O)[C@H]2O)[C@H](O)[C@@H](O)[C@H]1O,Kd,43000.0,nM,4.37,,CHEMBL2319301,9,CHEMBL4531,CHEMBL2311254,8itz,P17931
CHEMBL52011,OC[C@H]1O[C@@H](S[C@@H]2O[C@H](CO)[C@H](O)[C@H](O)[C@H]2O)[C@H](O)[C@@H](O)[C@H]1O,Kd,43000.0,nM,4.37,,CHEMBL2319301,9,CHEMBL4531,CHEMBL2311254,8itz,P17931
CHEMBL52011,OC[C@H]1O[C@@H](S[C@@H]2O[C@H](CO)[C@H](O)[C@H](O)[C@H]2O)[C@H](O)[C@@H](O)[C@H]1O,Kd,43000.0,nM,4.37,,CHEMBL2319301,9,CHEMBL4531,CHEMBL2311254,8itz,P17931
CHEMBL52011,OC[C@H]1O[C@@H](S[C@@H]2O[C@H](CO)[C@H](O)[C@H](O)[C@H]2O)[C@H](O)[C@@H](O)[C@H]1O,Kd,43000.0,nM,4.37,,CHEMBL2319301,9,CHEMBL4531,CHEMBL2311254,8itz,P17931
CHEMBL5314358,,Kd,230000.0,nM,,,CHEMBL3369567,9,CHEMBL4531,CHEMBL3351755,8itz,P17931
CHEMBL5314358,,Kd,230000.0,nM,,,CHEMBL3369567,9,CHEMBL4531,CHEMBL3351755,8itz,P17931
CHEMBL5314358,,Kd,230000.0,nM,,,CHEMBL3369567,9,CHEMBL4531,CHEMBL3351755,8itz,P17931
CHEMBL5314358,,Kd,230000.0,nM,,,CHEMBL3369567,9,CHEMBL4531,CHEMBL3351755,8itz,P17931
CHEMBL5314358,,Kd,230000.0,nM,,,CHEMBL3369567,9,CHEMBL4531,CHEMBL3351755,8itz,P17931
CHEMBL5314358,,Kd,230000.0,nM,,,CHEMBL3369567,9,CHEMBL4531,CHEMBL3351755,8itz,P17931
CHEMBL5314358,,Kd,230000.0,nM,,,CHEMBL3369567,9,CHEMBL4531,CHEMBL3351755,8itz,P17931
CHEMBL5314358,,Kd,230000.0,nM,,,CHEMBL3369567,9,CHEMBL4531,CHEMBL3351755,8itz,P17931
CHEMBL3337492,CC(=O)N[C@H]1C(O)O[C@H](CO)[C@@H](O[C@@H]2O[C@H](CO)[C@H](O)[C@H](NC(=O)c3ccccc3)[C@H]2O)[C@@H]1O,Kd,18200.0,nM,4.74,,CHEMBL3369567,9,CHEMBL4531,CHEMBL3351755,8itz,P17931
CHEMBL3337493,COc1c(F)c(F)c(C(=O)N[C@H]2[C@@H](O)[C@@H](CO)O[C@@H](O[C@H]3[C@H](O)[C@@H](NC(C)=O)C(O)O[C@@H]3CO)[C@@H]2O)c(F)c1F,Kd,3300.0,nM,5.48,,CHEMBL3369567,9,CHEMBL4531,CHEMBL3351755,8itz,P17931
CHEMBL3311520,Cc1ccc(S(=O)(=O)/N=c2\oc3ccccc3cc2CO[C@@H]2O[C@H](CO)[C@H](O)[C@H](O)[C@H]2O)cc1,Kd,10000000.0,nM,,,CHEMBL3361812,9,CHEMBL4531,CHEMBL3351844,8itz,P17931
CHEMBL3311521,Cc1ccc(S(=O)(=O)/N=c2\oc3ccccc3cc2CO[C@@H]2O[C@H](CO)[C@@H](O[C@@H]3O[C@H](CO)[C@H](O)[C@H](O)[C@H]3O)[C@H](O)[C@H]2O)cc1,Kd,130000.0,nM,,,CHEMBL3361812,9,CHEMBL4531,CHEMBL3351844,8itz,P17931
CHEMBL442951,CO[C@@H]1O[C@H](CO)[C@H](O)[C@H](O)[C@H]1O,Kd,4400000.0,nM,,,CHEMBL3361812,9,CHEMBL4531,CHEMBL3351844,8itz,P17931
CHEMBL442951,CO[C@@H]1O[C@H](CO)[C@H](O)[C@H](O)[C@H]1O,Kd,4400000.0,nM,,,CHEMBL3361812,9,CHEMBL4531,CHEMBL3351844,8itz,P17931
CHEMBL442951,CO[C@@H]1O[C@H](CO)[C@H](O)[C@H](O)[C@H]1O,Kd,4400000.0,nM,,,CHEMBL3361812,9,CHEMBL4531,CHEMBL3351844,8itz,P17931
CHEMBL442951,CO[C@@H]1O[C@H](CO)[C@H](O)[C@H](O)[C@H]1O,Kd,4400000.0,nM,,,CHEMBL3361812,9,CHEMBL4531,CHEMBL3351844,8itz,P17931
CHEMBL442951,CO[C@@H]1O[C@H](CO)[C@H](O)[C@H](O)[C@H]1O,Kd,4400000.0,nM,,,CHEMBL3361812,9,CHEMBL4531,CHEMBL3351844,8itz,P17931
CHEMBL442951,CO[C@@H]1O[C@H](CO)[C@H](O)[C@H](O)[C@H]1O,Kd,4400000.0,nM,,,CHEMBL3361812,9,CHEMBL4531,CHEMBL3351844,8itz,P17931
CHEMBL442951,CO[C@@H]1O[C@H](CO)[C@H](O)[C@H](O)[C@H]1O,Kd,4400000.0,nM,,,CHEMBL3361812,9,CHEMBL4531,CHEMBL3351844,8itz,P17931
CHEMBL503075,CO[C@@H]1O[C@H](CO)[C@@H](O[C@@H]2O[C@H](CO)[C@H](O)[C@H](O)[C@H]2O)[C@H](O)[C@H]1O,Kd,220000.0,nM,,,CHEMBL3361812,9,CHEMBL4531,CHEMBL3351844,8itz,P17931
CHEMBL3311522,CO[C@H]1O[C@H](CO)[C@H](O)[C@H](OCc2cc3ccccc3o/c2=N\S(=O)(=O)c2ccc(C)cc2)[C@H]1O,Kd,120000.0,nM,,,CHEMBL3361812,9,CHEMBL4531,CHEMBL3351844,8itz,P17931
CHEMBL3311523,CO[C@H]1O[C@H](CO)[C@H](O)[C@H](OCc2cc3ccccc3o/c2=N\S(=O)(=O)c2ccc(C)cc2)[C@H]1OC(C)=O,Kd,97000.0,nM,4.01,,CHEMBL3361812,9,CHEMBL4531,CHEMBL3351844,8itz,P17931
CHEMBL3311524,CO[C@H]1O[C@H](CO)[C@H](O)[C@H](OCc2cc3ccccc3o/c2=N\S(=O)(=O)c2ccccc2)[C@H]1O,Kd,81000.0,nM,4.09,,CHEMBL3361812,9,CHEMBL4531,CHEMBL3351844,8itz,P17931
CHEMBL3311525,CO[C@H]1O[C@H](CO)[C@H](O)[C@H](OCc2cc3ccccc3o/c2=N\S(=O)(=O)c2ccccc2)[C@H]1OC(C)=O,Kd,130000.0,nM,,,CHEMBL3361812,9,CHEMBL4531,CHEMBL3351844,8itz,P17931
CHEMBL3311526,CO[C@H]1O[C@H](CO)[C@H](O)[C@H](OCc2cc3ccccc3oc2=O)[C@H]1O,Kd,78000.0,nM,4.11,,CHEMBL3361812,9,CHEMBL4531,CHEMBL3351844,8itz,P17931
CHEMBL260473,CS[C@@H]1O[C@H](CO)[C@H](O)[C@H](NC(=O)c2ccc(C)cc2)[C@H]1O,Kd,220000.0,nM,,,CHEMBL3361812,9,CHEMBL4531,CHEMBL3351844,8itz,P17931
CHEMBL260473,CS[C@@H]1O[C@H](CO)[C@H](O)[C@H](NC(=O)c2ccc(C)cc2)[C@H]1O,Kd,220000.0,nM,,,CHEMBL3361812,9,CHEMBL4531,CHEMBL3351844,8itz,P17931
CHEMBL500137,CS[C@@H]1O[C@H](CO)[C@H](O)[C@H](n2cc(C(=O)NCc3ccccc3)nn2)[C@H]1O,Kd,150000.0,nM,,,CHEMBL3361812,9,CHEMBL4531,CHEMBL3351844,8itz,P17931
CHEMBL500137,CS[C@@H]1O[C@H](CO)[C@H](O)[C@H](n2cc(C(=O)NCc3ccccc3)nn2)[C@H]1O,Kd,150000.0,nM,,,CHEMBL3361812,9,CHEMBL4531,CHEMBL3351844,8itz,P17931
CHEMBL500137,CS[C@@H]1O[C@H](CO)[C@H](O)[C@H](n2cc(C(=O)NCc3ccccc3)nn2)[C@H]1O,Kd,150000.0,nM,,,CHEMBL3361812,9,CHEMBL4531,CHEMBL3351844,8itz,P17931
CHEMBL467773,CO[C@H]1O[C@H](CO)[C@H](O)[C@H](O)[C@H]1O,Kd,2700000.0,nM,,,CHEMBL3361812,9,CHEMBL4531,CHEMBL3351844,8itz,P17931
CHEMBL3590099,CO[C@H]1O[C@H](CO)[C@H](O)[C@H](OCc2cn([C@H](C(=O)O)[C@@H](C)O)nn2)[C@H]1O,Kd,88200.0,nM,4.05,,CHEMBL3593131,9,CHEMBL4531,CHEMBL3588822,8itz,P17931
CHEMBL3590100,CO[C@H]1O[C@H](CO)[C@H](O)[C@H](OCc2cn([C@@H](Cc3ccccc3)C(=O)O)nn2)[C@H]1O,Kd,7960.0,nM,5.1,,CHEMBL3593131,9,CHEMBL4531,CHEMBL3588822,8itz,P17931
CHEMBL3590101,CO[C@H]1O[C@H](CO)[C@H](O)[C@H](OCc2cn([C@@H](Cc3cc4ccccc4[nH]3)C(=O)O)nn2)[C@H]1O,Kd,28100.0,nM,4.55,,CHEMBL3593131,9,CHEMBL4531,CHEMBL3588822,8itz,P17931
CHEMBL3590102,CO[C@H]1O[C@H](CO)[C@H](O)[C@H](OCc2cn([C@@H](CCCCN)C(=O)O)nn2)[C@H]1O,Kd,4560.0,nM,5.34,,CHEMBL3593131,9,CHEMBL4531,CHEMBL3588822,8itz,P17931
CHEMBL3590103,CO[C@H]1O[C@H](CO)[C@H](O)[C@H](OCc2cn([C@@H](CC(=O)O)C(=O)O)nn2)[C@H]1O,Kd,11100.0,nM,4.96,,CHEMBL3593131,9,CHEMBL4531,CHEMBL3588822,8itz,P17931
CHEMBL3590104,CO[C@H]1O[C@H](CO)[C@H](O)[C@H](OCc2cn([C@@H](Cc3ccc(O)cc3)C(=O)O)nn2)[C@H]1O,Kd,19900.0,nM,4.7,,CHEMBL3593131,9,CHEMBL4531,CHEMBL3588822,8itz,P17931
CHEMBL3590105,OC[C@H]1O[C@@H](O[C@H]2[C@H](O)[C@@H](O)[C@H](OCCOCCOCCn3cc(CO[C@@H]4O[C@H](CO)[C@@H](O[C@@H]5O[C@H](CO)[C@H](O)[C@H](O)[C@H]5O)[C@H](O)[C@H]4O)nn3)O[C@@H]2CO)[C@H](O)[C@@H](O)[C@H]1O,Kd,500.0,nM,6.3,,CHEMBL3593132,9,CHEMBL4531,CHEMBL3588822,8itz,P17931
CHEMBL3590105,OC[C@H]1O[C@@H](O[C@H]2[C@H](O)[C@@H](O)[C@H](OCCOCCOCCn3cc(CO[C@@H]4O[C@H](CO)[C@@H](O[C@@H]5O[C@H](CO)[C@H](O)[C@H](O)[C@H]5O)[C@H](O)[C@H]4O)nn3)O[C@@H]2CO)[C@H](O)[C@@H](O)[C@H]1O,Kd,500.0,nM,6.3,,CHEMBL3593132,9,CHEMBL4531,CHEMBL3588822,8itz,P17931
CHEMBL3590105,OC[C@H]1O[C@@H](O[C@H]2[C@H](O)[C@@H](O)[C@H](OCCOCCOCCn3cc(CO[C@@H]4O[C@H](CO)[C@@H](O[C@@H]5O[C@H](CO)[C@H](O)[C@H](O)[C@H]5O)[C@H](O)[C@H]4O)nn3)O[C@@H]2CO)[C@H](O)[C@@H](O)[C@H]1O,Kd,19000.0,nM,4.72,,CHEMBL3593133,9,CHEMBL4531,CHEMBL3588822,8itz,P17931
CHEMBL3590105,OC[C@H]1O[C@@H](O[C@H]2[C@H](O)[C@@H](O)[C@H](OCCOCCOCCn3cc(CO[C@@H]4O[C@H](CO)[C@@H](O[C@@H]5O[C@H](CO)[C@H](O)[C@H](O)[C@H]5O)[C@H](O)[C@H]4O)nn3)O[C@@H]2CO)[C@H](O)[C@@H](O)[C@H]1O,Kd,19000.0,nM,4.72,,CHEMBL3593133,9,CHEMBL4531,CHEMBL3588822,8itz,P17931
CHEMBL5314358,,Kd,92600.0,nM,4.03,,CHEMBL3593131,9,CHEMBL4531,CHEMBL3588822,8itz,P17931
CHEMBL5314358,,Kd,92600.0,nM,4.03,,CHEMBL3593131,9,CHEMBL4531,CHEMBL3588822,8itz,P17931
CHEMBL5314358,,Kd,92600.0,nM,4.03,,CHEMBL3593131,9,CHEMBL4531,CHEMBL3588822,8itz,P17931
CHEMBL5314358,,Kd,92600.0,nM,4.03,,CHEMBL3593131,9,CHEMBL4531,CHEMBL3588822,8itz,P17931
CHEMBL5314358,,Kd,92600.0,nM,4.03,,CHEMBL3593131,9,CHEMBL4531,CHEMBL3588822,8itz,P17931
CHEMBL5314358,,Kd,92600.0,nM,4.03,,CHEMBL3593131,9,CHEMBL4531,CHEMBL3588822,8itz,P17931
CHEMBL5314358,,Kd,92600.0,nM,4.03,,CHEMBL3593131,9,CHEMBL4531,CHEMBL3588822,8itz,P17931
CHEMBL5314358,,Kd,92600.0,nM,4.03,,CHEMBL3593131,9,CHEMBL4531,CHEMBL3588822,8itz,P17931
CHEMBL3680813,OCC1O[C@@H](S[C@@H]2CCCC(n3cc(-c4ccc(F)cc4)nn3)C2O)C(O)[C@@H](n2cc(-c3ccc(F)cc3)nn2)[C@H]1O,Kd,210.0,nM,6.68,248844,CHEMBL3707975,9,CHEMBL4531,CHEMBL3638846,8itz,P17931
CHEMBL3680811,OCC1O[C@@H](S[C@@H]2CCCC(n3cc(-c4ccccc4F)nn3)C2O)C(O)[C@@H](n2cc(-c3ccccc3F)nn2)[C@H]1O,Kd,230.0,nM,6.64,248842,CHEMBL3707975,9,CHEMBL4531,CHEMBL3638846,8itz,P17931
CHEMBL3680812,OCC1O[C@@H](S[C@@H]2CCCC(n3cc(-c4cccc(F)c4)nn3)C2O)C(O)[C@@H](n2cc(-c3cccc(F)c3)nn2)[C@H]1O,Kd,150.0,nM,6.82,248843,CHEMBL3707975,9,CHEMBL4531,CHEMBL3638846,8itz,P17931
CHEMBL3680814,OCC1O[C@@H](S[C@@H]2CCCC(n3cc(-c4ccsc4)nn3)C2O)C(O)[C@@H](n2cc(-c3ccsc3)nn2)[C@H]1O,Kd,550.0,nM,6.26,248845,CHEMBL3707975,9,CHEMBL4531,CHEMBL3638846,8itz,P17931
CHEMBL3680808,CO[C@@H]1OC(CO)[C@H](O)[C@H](O)C1O,Kd,4400000.0,nM,,248839,CHEMBL3707975,9,CHEMBL4531,CHEMBL3638846,8itz,P17931
CHEMBL3680809,CO[C@@H]1OC(CO)[C@@H](O[C@@H]2OC(CO)[C@H](O)[C@H](O)C2O)[C@H](O)C1NC(C)=O,Kd,59000.0,nM,4.23,248840,CHEMBL3707975,9,CHEMBL4531,CHEMBL3638846,8itz,P17931
CHEMBL3680816,O=C(NC1CCC[C@@H](S[C@@H]2OC(CO)[C@H](O)[C@H](NC(=O)c3ccc(Cl)cc3)C2O)C1O)c1ccc(Cl)cc1,Kd,1400.0,nM,5.85,248847,CHEMBL3707975,9,CHEMBL4531,CHEMBL3638846,8itz,P17931
CHEMBL3680815,CCCNC(=O)c1cn(C2CCC[C@@H](S[C@@H]3OC(CO)[C@H](O)[C@H](n4cc(C(=O)NCCC)nn4)C3O)C2O)nn1,Kd,190.0,nM,6.72,248846,CHEMBL3707975,9,CHEMBL4531,CHEMBL3638846,8itz,P17931
CHEMBL3680810,CCCNC(=O)c1cn(C2CCC[C@@H](O[C@@H]3OC(CO)[C@H](O)[C@H](n4cc(C(=O)NCCC)nn4)C3O)C2O)nn1,Kd,430.0,nM,6.37,248841,CHEMBL3707975,9,CHEMBL4531,CHEMBL3638846,8itz,P17931
CHEMBL4099402,Cc1ccc(S[C@@H]2O[C@H](CO)[C@H](O)[C@H](n3cc(-c4ccccc4)nn3)[C@H]2O)cc1,Kd,88000.0,nM,4.06,,CHEMBL4027964,9,CHEMBL4531,CHEMBL4024788,8itz,P17931
CHEMBL4099402,Cc1ccc(S[C@@H]2O[C@H](CO)[C@H](O)[C@H](n3cc(-c4ccccc4)nn3)[C@H]2O)cc1,Kd,88000.0,nM,4.06,,CHEMBL4027964,9,CHEMBL4531,CHEMBL4024788,8itz,P17931
CHEMBL4063882,Cc1ccc(S[C@@H]2O[C@H](CO)[C@H](O)[C@H](n3cc(-c4ccccc4F)nn3)[C@H]2O)cc1,Kd,92000.0,nM,4.04,,CHEMBL4027964,9,CHEMBL4531,CHEMBL4024788,8itz,P17931
CHEMBL4091660,Cc1ccc(S[C@@H]2O[C@H](CO)[C@H](O)[C@H](n3cc(-c4cccc(F)c4)nn3)[C@H]2O)cc1,Kd,22000.0,nM,4.66,,CHEMBL4027964,9,CHEMBL4531,CHEMBL4024788,8itz,P17931
CHEMBL4101888,Cc1ccc(S[C@@H]2O[C@H](CO)[C@H](O)[C@H](n3cc(-c4ccc(F)cc4)nn3)[C@H]2O)cc1,Kd,31000.0,nM,4.51,,CHEMBL4027964,9,CHEMBL4531,CHEMBL4024788,8itz,P17931
CHEMBL4083889,Cc1ccc(S[C@@H]2O[C@H](CO)[C@H](O)[C@H](n3cc(-c4ccc(F)c(F)c4)nn3)[C@H]2O)cc1,Kd,8800.0,nM,5.06,,CHEMBL4027964,9,CHEMBL4531,CHEMBL4024788,8itz,P17931
CHEMBL4068730,Cc1ccc(S[C@@H]2O[C@H](CO)[C@H](O)[C@H](n3cc(-c4cc(F)cc(F)c4)nn3)[C@H]2O)cc1,Kd,15000.0,nM,4.82,,CHEMBL4027964,9,CHEMBL4531,CHEMBL4024788,8itz,P17931
CHEMBL4096039,Cc1ccc(S[C@@H]2O[C@H](CO)[C@H](O)[C@H](n3cc(-c4cc(F)c(F)c(F)c4)nn3)[C@H]2O)cc1,Kd,5200.0,nM,5.28,,CHEMBL4027964,9,CHEMBL4531,CHEMBL4024788,8itz,P17931
CHEMBL4096039,Cc1ccc(S[C@@H]2O[C@H](CO)[C@H](O)[C@H](n3cc(-c4cc(F)c(F)c(F)c4)nn3)[C@H]2O)cc1,Kd,5200.0,nM,5.28,,CHEMBL4027964,9,CHEMBL4531,CHEMBL4024788,8itz,P17931
CHEMBL4096039,Cc1ccc(S[C@@H]2O[C@H](CO)[C@H](O)[C@H](n3cc(-c4cc(F)c(F)c(F)c4)nn3)[C@H]2O)cc1,Kd,5200.0,nM,5.28,,CHEMBL4027964,9,CHEMBL4531,CHEMBL4024788,8itz,P17931
CHEMBL4072396,Cc1ccc(S[C@@H]2O[C@H](CO)[C@H](O)[C@H](n3cc(-c4ccc(F)c(C)c4)nn3)[C@H]2O)cc1,Kd,23000.0,nM,4.64,,CHEMBL4027964,9,CHEMBL4531,CHEMBL4024788,8itz,P17931
CHEMBL4063369,Cc1ccc(S[C@@H]2O[C@H](CO)[C@H](O)[C@H](n3cc(-c4cccc(Cl)c4)nn3)[C@H]2O)cc1,Kd,44000.0,nM,4.36,,CHEMBL4027964,9,CHEMBL4531,CHEMBL4024788,8itz,P17931
CHEMBL4063146,Cc1ccc(S[C@@H]2O[C@H](CO)[C@H](O)[C@H](n3cc(-c4ccc(Cl)cc4)nn3)[C@H]2O)cc1,Kd,19000.0,nM,4.72,,CHEMBL4027964,9,CHEMBL4531,CHEMBL4024788,8itz,P17931
CHEMBL4064048,Cc1ccc(S[C@@H]2O[C@H](CO)[C@H](O)[C@H](n3cc(-c4ccc(Cl)c(Cl)c4)nn3)[C@H]2O)cc1,Kd,14000.0,nM,4.85,,CHEMBL4027964,9,CHEMBL4531,CHEMBL4024788,8itz,P17931
CHEMBL4076261,Cc1ccc(S[C@@H]2O[C@H](CO)[C@H](O)[C@H](n3cc(-c4ccc(Br)cc4)nn3)[C@H]2O)cc1,Kd,44000.0,nM,4.36,,CHEMBL4027964,9,CHEMBL4531,CHEMBL4024788,8itz,P17931
CHEMBL4064722,Cc1ccc(S[C@@H]2O[C@H](CO)[C@H](O)[C@H](O)[C@H]2O)cc1,Kd,230000.0,nM,,,CHEMBL4027964,9,CHEMBL4531,CHEMBL4024788,8itz,P17931
CHEMBL4091143,OC[C@H]1O[C@@H](SS[C@@H]2O[C@H](CO)[C@H](O)[C@H](n3cc(-c4cccc(F)c4)nn3)[C@H]2O)[C@H](O)[C@@H](n2cc(-c3cccc(F)c3)nn2)[C@H]1O,Kd,2.3,nM,8.64,,CHEMBL4027964,9,CHEMBL4531,CHEMBL4024788,8itz,P17931
CHEMBL4091143,OC[C@H]1O[C@@H](SS[C@@H]2O[C@H](CO)[C@H](O)[C@H](n3cc(-c4cccc(F)c4)nn3)[C@H]2O)[C@H](O)[C@@H](n2cc(-c3cccc(F)c3)nn2)[C@H]1O,Kd,2.3,nM,8.64,,CHEMBL4027964,9,CHEMBL4531,CHEMBL4024788,8itz,P17931
CHEMBL4091143,OC[C@H]1O[C@@H](SS[C@@H]2O[C@H](CO)[C@H](O)[C@H](n3cc(-c4cccc(F)c4)nn3)[C@H]2O)[C@H](O)[C@@H](n2cc(-c3cccc(F)c3)nn2)[C@H]1O,Kd,2.3,nM,8.64,,CHEMBL4027964,9,CHEMBL4531,CHEMBL4024788,8itz,P17931
CHEMBL4065371,OC[C@H]1O[C@@H](SS[C@@H]2O[C@H](CO)[C@H](O)[C@H](n3cc(-c4ccc(F)cc4)nn3)[C@H]2O)[C@H](O)[C@@H](n2cc(-c3ccc(F)cc3)nn2)[C@H]1O,Kd,4.0,nM,8.4,,CHEMBL4027964,9,CHEMBL4531,CHEMBL4024788,8itz,P17931
CHEMBL4065371,OC[C@H]1O[C@@H](SS[C@@H]2O[C@H](CO)[C@H](O)[C@H](n3cc(-c4ccc(F)cc4)nn3)[C@H]2O)[C@H](O)[C@@H](n2cc(-c3ccc(F)cc3)nn2)[C@H]1O,Kd,4.0,nM,8.4,,CHEMBL4027964,9,CHEMBL4531,CHEMBL4024788,8itz,P17931
CHEMBL4065371,OC[C@H]1O[C@@H](SS[C@@H]2O[C@H](CO)[C@H](O)[C@H](n3cc(-c4ccc(F)cc4)nn3)[C@H]2O)[C@H](O)[C@@H](n2cc(-c3ccc(F)cc3)nn2)[C@H]1O,Kd,4.0,nM,8.4,,CHEMBL4027964,9,CHEMBL4531,CHEMBL4024788,8itz,P17931
CHEMBL4102995,OC[C@H]1O[C@@H](SS[C@@H]2O[C@H](CO)[C@H](O)[C@H](n3cc(-c4ccc(F)c(F)c4)nn3)[C@H]2O)[C@H](O)[C@@H](n2cc(-c3ccc(F)c(F)c3)nn2)[C@H]1O,Kd,1.1,nM,8.96,,CHEMBL4027964,9,CHEMBL4531,CHEMBL4024788,8itz,P17931
CHEMBL4102995,OC[C@H]1O[C@@H](SS[C@@H]2O[C@H](CO)[C@H](O)[C@H](n3cc(-c4ccc(F)c(F)c4)nn3)[C@H]2O)[C@H](O)[C@@H](n2cc(-c3ccc(F)c(F)c3)nn2)[C@H]1O,Kd,1.1,nM,8.96,,CHEMBL4027964,9,CHEMBL4531,CHEMBL4024788,8itz,P17931
CHEMBL4102995,OC[C@H]1O[C@@H](SS[C@@H]2O[C@H](CO)[C@H](O)[C@H](n3cc(-c4ccc(F)c(F)c4)nn3)[C@H]2O)[C@H](O)[C@@H](n2cc(-c3ccc(F)c(F)c3)nn2)[C@H]1O,Kd,1.1,nM,8.96,,CHEMBL4027964,9,CHEMBL4531,CHEMBL4024788,8itz,P17931
CHEMBL4066068,OC[C@H]1O[C@@H](SS[C@@H]2O[C@H](CO)[C@H](O)[C@H](n3cc(-c4cc(F)cc(F)c4)nn3)[C@H]2O)[C@H](O)[C@@H](n2cc(-c3cc(F)cc(F)c3)nn2)[C@H]1O,Kd,1.6,nM,8.8,,CHEMBL4027964,9,CHEMBL4531,CHEMBL4024788,8itz,P17931
CHEMBL4066068,OC[C@H]1O[C@@H](SS[C@@H]2O[C@H](CO)[C@H](O)[C@H](n3cc(-c4cc(F)cc(F)c4)nn3)[C@H]2O)[C@H](O)[C@@H](n2cc(-c3cc(F)cc(F)c3)nn2)[C@H]1O,Kd,1.6,nM,8.8,,CHEMBL4027964,9,CHEMBL4531,CHEMBL4024788,8itz,P17931
CHEMBL4066068,OC[C@H]1O[C@@H](SS[C@@H]2O[C@H](CO)[C@H](O)[C@H](n3cc(-c4cc(F)cc(F)c4)nn3)[C@H]2O)[C@H](O)[C@@H](n2cc(-c3cc(F)cc(F)c3)nn2)[C@H]1O,Kd,1.6,nM,8.8,,CHEMBL4027964,9,CHEMBL4531,CHEMBL4024788,8itz,P17931
CHEMBL4104417,OC[C@H]1O[C@@H](SS[C@@H]2O[C@H](CO)[C@H](O)[C@H](n3cc(-c4cc(F)c(F)c(F)c4)nn3)[C@H]2O)[C@H](O)[C@@H](n2cc(-c3cc(F)c(F)c(F)c3)nn2)[C@H]1O,Kd,2.3,nM,8.64,,CHEMBL4027964,9,CHEMBL4531,CHEMBL4024788,8itz,P17931
CHEMBL4104417,OC[C@H]1O[C@@H](SS[C@@H]2O[C@H](CO)[C@H](O)[C@H](n3cc(-c4cc(F)c(F)c(F)c4)nn3)[C@H]2O)[C@H](O)[C@@H](n2cc(-c3cc(F)c(F)c(F)c3)nn2)[C@H]1O,Kd,2.3,nM,8.64,,CHEMBL4027964,9,CHEMBL4531,CHEMBL4024788,8itz,P17931
CHEMBL4104417,OC[C@H]1O[C@@H](SS[C@@H]2O[C@H](CO)[C@H](O)[C@H](n3cc(-c4cc(F)c(F)c(F)c4)nn3)[C@H]2O)[C@H](O)[C@@H](n2cc(-c3cc(F)c(F)c(F)c3)nn2)[C@H]1O,Kd,2.3,nM,8.64,,CHEMBL4027964,9,CHEMBL4531,CHEMBL4024788,8itz,P17931
CHEMBL4079107,OC[C@H]1O[C@@H](SS[C@@H]2O[C@H](CO)[C@H](O)[C@H](O)[C@H]2O)[C@H](O)[C@@H](O)[C@H]1O,Kd,49000.0,nM,4.31,,CHEMBL4027964,9,CHEMBL4531,CHEMBL4024788,8itz,P17931
CHEMBL4077748,O=c1oc2ccc(F)c(F)c2cc1CO[C@H]1[C@@H](O)[C@@H](CO)O[C@@H](SS[C@@H]2O[C@H](CO)[C@H](O)[C@H](OCc3cc4c(F)c(F)ccc4oc3=O)[C@H]2O)[C@@H]1O,Kd,57.0,nM,7.24,,CHEMBL4027964,9,CHEMBL4531,CHEMBL4024788,8itz,P17931
CHEMBL4102016,CCCCNC(=O)c1cn([C@H]2[C@@H](O)[C@@H](CO)O[C@@H](SS[C@@H]3O[C@H](CO)[C@H](O)[C@H](n4cc(C(=O)NCCCC)nn4)[C@H]3O)[C@@H]2O)nn1,Kd,99.0,nM,7.0,,CHEMBL4027964,9,CHEMBL4531,CHEMBL4024788,8itz,P17931
CHEMBL4085600,O=c1oc2ccc(F)c(F)c2cc1CO[C@H]1[C@@H](O)[C@@H](CO)O[C@@H](SS[C@@H]2O[C@H](CO)[C@H](O)[C@H](n3cc(-c4cccc(F)c4)nn3)[C@H]2O)[C@@H]1O,Kd,12000.0,nM,4.92,,CHEMBL4027964,9,CHEMBL4531,CHEMBL4024788,8itz,P17931
CHEMBL4085600,O=c1oc2ccc(F)c(F)c2cc1CO[C@H]1[C@@H](O)[C@@H](CO)O[C@@H](SS[C@@H]2O[C@H](CO)[C@H](O)[C@H](n3cc(-c4cccc(F)c4)nn3)[C@H]2O)[C@@H]1O,Kd,12000.0,nM,4.92,,CHEMBL4027964,9,CHEMBL4531,CHEMBL4024788,8itz,P17931
CHEMBL4085600,O=c1oc2ccc(F)c(F)c2cc1CO[C@H]1[C@@H](O)[C@@H](CO)O[C@@H](SS[C@@H]2O[C@H](CO)[C@H](O)[C@H](n3cc(-c4cccc(F)c4)nn3)[C@H]2O)[C@@H]1O,Kd,12000.0,nM,4.92,,CHEMBL4027964,9,CHEMBL4531,CHEMBL4024788,8itz,P17931
CHEMBL4064035,O=c1oc2ccc(F)c(F)c2cc1CO[C@H]1[C@@H](O)[C@@H](CO)O[C@@H](SS[C@@H]2O[C@H](CO)[C@H](O)[C@H](n3cc(-c4cc(F)c(F)c(F)c4)nn3)[C@H]2O)[C@@H]1O,Kd,7500.0,nM,5.12,,CHEMBL4027964,9,CHEMBL4531,CHEMBL4024788,8itz,P17931
CHEMBL4064035,O=c1oc2ccc(F)c(F)c2cc1CO[C@H]1[C@@H](O)[C@@H](CO)O[C@@H](SS[C@@H]2O[C@H](CO)[C@H](O)[C@H](n3cc(-c4cc(F)c(F)c(F)c4)nn3)[C@H]2O)[C@@H]1O,Kd,7500.0,nM,5.12,,CHEMBL4027964,9,CHEMBL4531,CHEMBL4024788,8itz,P17931
CHEMBL4064035,O=c1oc2ccc(F)c(F)c2cc1CO[C@H]1[C@@H](O)[C@@H](CO)O[C@@H](SS[C@@H]2O[C@H](CO)[C@H](O)[C@H](n3cc(-c4cc(F)c(F)c(F)c4)nn3)[C@H]2O)[C@@H]1O,Kd,7500.0,nM,5.12,,CHEMBL4027964,9,CHEMBL4531,CHEMBL4024788,8itz,P17931
CHEMBL4093346,CCCCNC(=O)c1cn([C@H]2[C@@H](O)[C@@H](CO)O[C@@H](SS[C@@H]3O[C@H](CO)[C@H](O)[C@H](OCc4cc5c(F)c(F)ccc5oc4=O)[C@H]3O)[C@@H]2O)nn1,Kd,47000.0,nM,4.33,,CHEMBL4027964,9,CHEMBL4531,CHEMBL4024788,8itz,P17931
CHEMBL4077188,CCCCNC(=O)c1cn([C@H]2[C@@H](O)[C@@H](CO)O[C@@H](SS[C@@H]3O[C@H](CO)[C@H](O)[C@H](n4cc(-c5cc(F)c(F)c(F)c5)nn4)[C@H]3O)[C@@H]2O)nn1,Kd,2400.0,nM,5.62,,CHEMBL4027964,9,CHEMBL4531,CHEMBL4024788,8itz,P17931
CHEMBL4077188,CCCCNC(=O)c1cn([C@H]2[C@@H](O)[C@@H](CO)O[C@@H](SS[C@@H]3O[C@H](CO)[C@H](O)[C@H](n4cc(-c5cc(F)c(F)c(F)c5)nn4)[C@H]3O)[C@@H]2O)nn1,Kd,2400.0,nM,5.62,,CHEMBL4027964,9,CHEMBL4531,CHEMBL4024788,8itz,P17931
CHEMBL4077188,CCCCNC(=O)c1cn([C@H]2[C@@H](O)[C@@H](CO)O[C@@H](SS[C@@H]3O[C@H](CO)[C@H](O)[C@H](n4cc(-c5cc(F)c(F)c(F)c5)nn4)[C@H]3O)[C@@H]2O)nn1,Kd,2400.0,nM,5.62,,CHEMBL4027964,9,CHEMBL4531,CHEMBL4024788,8itz,P17931
CHEMBL4086521,O=C(NCc1cn([C@H]2[C@@H](O)[C@@H](CO)O[C@@H](SS[C@@H]3O[C@H](CO)[C@H](O)[C@H](n4cc(-c5cccc(F)c5)nn4)[C@H]3O)[C@@H]2O)nn1)c1ccc2c(c1)C(=O)OC21c2ccc(O)cc2Oc2cc(O)ccc21,Kd,28.0,nM,7.55,,CHEMBL4027967,9,CHEMBL4531,CHEMBL4024788,8itz,P17931
CHEMBL4071878,O=C(NCc1cn([C@H]2[C@@H](O)[C@@H](CO)O[C@@H](SS[C@@H]3O[C@H](CO)[C@H](O)[C@H](n4cc(-c5cc(F)c(F)c(F)c5)nn4)[C@H]3O)[C@@H]2O)nn1)c1ccc2c(c1)C(=O)OC21c2ccc(O)cc2Oc2cc(O)ccc21,Kd,8.7,nM,8.06,,CHEMBL4027967,9,CHEMBL4531,CHEMBL4024788,8itz,P17931
CHEMBL4091143,OC[C@H]1O[C@@H](SS[C@@H]2O[C@H](CO)[C@H](O)[C@H](n3cc(-c4cccc(F)c4)nn3)[C@H]2O)[C@H](O)[C@@H](n2cc(-c3cccc(F)c3)nn2)[C@H]1O,Kd,8.7,nM,8.06,,CHEMBL4027962,9,CHEMBL4531,CHEMBL4024788,8itz,P17931
CHEMBL4091143,OC[C@H]1O[C@@H](SS[C@@H]2O[C@H](CO)[C@H](O)[C@H](n3cc(-c4cccc(F)c4)nn3)[C@H]2O)[C@H](O)[C@@H](n2cc(-c3cccc(F)c3)nn2)[C@H]1O,Kd,8.7,nM,8.06,,CHEMBL4027962,9,CHEMBL4531,CHEMBL4024788,8itz,P17931
CHEMBL4091143,OC[C@H]1O[C@@H](SS[C@@H]2O[C@H](CO)[C@H](O)[C@H](n3cc(-c4cccc(F)c4)nn3)[C@H]2O)[C@H](O)[C@@H](n2cc(-c3cccc(F)c3)nn2)[C@H]1O,Kd,8.7,nM,8.06,,CHEMBL4027962,9,CHEMBL4531,CHEMBL4024788,8itz,P17931
CHEMBL4065371,OC[C@H]1O[C@@H](SS[C@@H]2O[C@H](CO)[C@H](O)[C@H](n3cc(-c4ccc(F)cc4)nn3)[C@H]2O)[C@H](O)[C@@H](n2cc(-c3ccc(F)cc3)nn2)[C@H]1O,Kd,21.0,nM,7.68,,CHEMBL4027962,9,CHEMBL4531,CHEMBL4024788,8itz,P17931
CHEMBL4065371,OC[C@H]1O[C@@H](SS[C@@H]2O[C@H](CO)[C@H](O)[C@H](n3cc(-c4ccc(F)cc4)nn3)[C@H]2O)[C@H](O)[C@@H](n2cc(-c3ccc(F)cc3)nn2)[C@H]1O,Kd,21.0,nM,7.68,,CHEMBL4027962,9,CHEMBL4531,CHEMBL4024788,8itz,P17931
CHEMBL4065371,OC[C@H]1O[C@@H](SS[C@@H]2O[C@H](CO)[C@H](O)[C@H](n3cc(-c4ccc(F)cc4)nn3)[C@H]2O)[C@H](O)[C@@H](n2cc(-c3ccc(F)cc3)nn2)[C@H]1O,Kd,21.0,nM,7.68,,CHEMBL4027962,9,CHEMBL4531,CHEMBL4024788,8itz,P17931
CHEMBL4102995,OC[C@H]1O[C@@H](SS[C@@H]2O[C@H](CO)[C@H](O)[C@H](n3cc(-c4ccc(F)c(F)c4)nn3)[C@H]2O)[C@H](O)[C@@H](n2cc(-c3ccc(F)c(F)c3)nn2)[C@H]1O,Kd,2.9,nM,8.54,,CHEMBL4027962,9,CHEMBL4531,CHEMBL4024788,8itz,P17931
CHEMBL4102995,OC[C@H]1O[C@@H](SS[C@@H]2O[C@H](CO)[C@H](O)[C@H](n3cc(-c4ccc(F)c(F)c4)nn3)[C@H]2O)[C@H](O)[C@@H](n2cc(-c3ccc(F)c(F)c3)nn2)[C@H]1O,Kd,2.9,nM,8.54,,CHEMBL4027962,9,CHEMBL4531,CHEMBL4024788,8itz,P17931
CHEMBL4102995,OC[C@H]1O[C@@H](SS[C@@H]2O[C@H](CO)[C@H](O)[C@H](n3cc(-c4ccc(F)c(F)c4)nn3)[C@H]2O)[C@H](O)[C@@H](n2cc(-c3ccc(F)c(F)c3)nn2)[C@H]1O,Kd,2.9,nM,8.54,,CHEMBL4027962,9,CHEMBL4531,CHEMBL4024788,8itz,P17931
CHEMBL4066068,OC[C@H]1O[C@@H](SS[C@@H]2O[C@H](CO)[C@H](O)[C@H](n3cc(-c4cc(F)cc(F)c4)nn3)[C@H]2O)[C@H](O)[C@@H](n2cc(-c3cc(F)cc(F)c3)nn2)[C@H]1O,Kd,3.2,nM,8.49,,CHEMBL4027962,9,CHEMBL4531,CHEMBL4024788,8itz,P17931
CHEMBL4066068,OC[C@H]1O[C@@H](SS[C@@H]2O[C@H](CO)[C@H](O)[C@H](n3cc(-c4cc(F)cc(F)c4)nn3)[C@H]2O)[C@H](O)[C@@H](n2cc(-c3cc(F)cc(F)c3)nn2)[C@H]1O,Kd,3.2,nM,8.49,,CHEMBL4027962,9,CHEMBL4531,CHEMBL4024788,8itz,P17931
CHEMBL4066068,OC[C@H]1O[C@@H](SS[C@@H]2O[C@H](CO)[C@H](O)[C@H](n3cc(-c4cc(F)cc(F)c4)nn3)[C@H]2O)[C@H](O)[C@@H](n2cc(-c3cc(F)cc(F)c3)nn2)[C@H]1O,Kd,3.2,nM,8.49,,CHEMBL4027962,9,CHEMBL4531,CHEMBL4024788,8itz,P17931
CHEMBL4104417,OC[C@H]1O[C@@H](SS[C@@H]2O[C@H](CO)[C@H](O)[C@H](n3cc(-c4cc(F)c(F)c(F)c4)nn3)[C@H]2O)[C@H](O)[C@@H](n2cc(-c3cc(F)c(F)c(F)c3)nn2)[C@H]1O,Kd,1.7,nM,8.77,,CHEMBL4027962,9,CHEMBL4531,CHEMBL4024788,8itz,P17931
CHEMBL4104417,OC[C@H]1O[C@@H](SS[C@@H]2O[C@H](CO)[C@H](O)[C@H](n3cc(-c4cc(F)c(F)c(F)c4)nn3)[C@H]2O)[C@H](O)[C@@H](n2cc(-c3cc(F)c(F)c(F)c3)nn2)[C@H]1O,Kd,1.7,nM,8.77,,CHEMBL4027962,9,CHEMBL4531,CHEMBL4024788,8itz,P17931
CHEMBL4104417,OC[C@H]1O[C@@H](SS[C@@H]2O[C@H](CO)[C@H](O)[C@H](n3cc(-c4cc(F)c(F)c(F)c4)nn3)[C@H]2O)[C@H](O)[C@@H](n2cc(-c3cc(F)c(F)c(F)c3)nn2)[C@H]1O,Kd,1.7,nM,8.77,,CHEMBL4027962,9,CHEMBL4531,CHEMBL4024788,8itz,P17931
CHEMBL4085600,O=c1oc2ccc(F)c(F)c2cc1CO[C@H]1[C@@H](O)[C@@H](CO)O[C@@H](SS[C@@H]2O[C@H](CO)[C@H](O)[C@H](n3cc(-c4cccc(F)c4)nn3)[C@H]2O)[C@@H]1O,Kd,30.0,nM,7.52,,CHEMBL4027962,9,CHEMBL4531,CHEMBL4024788,8itz,P17931
CHEMBL4085600,O=c1oc2ccc(F)c(F)c2cc1CO[C@H]1[C@@H](O)[C@@H](CO)O[C@@H](SS[C@@H]2O[C@H](CO)[C@H](O)[C@H](n3cc(-c4cccc(F)c4)nn3)[C@H]2O)[C@@H]1O,Kd,30.0,nM,7.52,,CHEMBL4027962,9,CHEMBL4531,CHEMBL4024788,8itz,P17931
CHEMBL4085600,O=c1oc2ccc(F)c(F)c2cc1CO[C@H]1[C@@H](O)[C@@H](CO)O[C@@H](SS[C@@H]2O[C@H](CO)[C@H](O)[C@H](n3cc(-c4cccc(F)c4)nn3)[C@H]2O)[C@@H]1O,Kd,30.0,nM,7.52,,CHEMBL4027962,9,CHEMBL4531,CHEMBL4024788,8itz,P17931
CHEMBL4064035,O=c1oc2ccc(F)c(F)c2cc1CO[C@H]1[C@@H](O)[C@@H](CO)O[C@@H](SS[C@@H]2O[C@H](CO)[C@H](O)[C@H](n3cc(-c4cc(F)c(F)c(F)c4)nn3)[C@H]2O)[C@@H]1O,Kd,11.0,nM,7.96,,CHEMBL4027962,9,CHEMBL4531,CHEMBL4024788,8itz,P17931
CHEMBL4064035,O=c1oc2ccc(F)c(F)c2cc1CO[C@H]1[C@@H](O)[C@@H](CO)O[C@@H](SS[C@@H]2O[C@H](CO)[C@H](O)[C@H](n3cc(-c4cc(F)c(F)c(F)c4)nn3)[C@H]2O)[C@@H]1O,Kd,11.0,nM,7.96,,CHEMBL4027962,9,CHEMBL4531,CHEMBL4024788,8itz,P17931
CHEMBL4064035,O=c1oc2ccc(F)c(F)c2cc1CO[C@H]1[C@@H](O)[C@@H](CO)O[C@@H](SS[C@@H]2O[C@H](CO)[C@H](O)[C@H](n3cc(-c4cc(F)c(F)c(F)c4)nn3)[C@H]2O)[C@@H]1O,Kd,11.0,nM,7.96,,CHEMBL4027962,9,CHEMBL4531,CHEMBL4024788,8itz,P17931
CHEMBL4077188,CCCCNC(=O)c1cn([C@H]2[C@@H](O)[C@@H](CO)O[C@@H](SS[C@@H]3O[C@H](CO)[C@H](O)[C@H](n4cc(-c5cc(F)c(F)c(F)c5)nn4)[C@H]3O)[C@@H]2O)nn1,Kd,19.0,nM,7.72,,CHEMBL4027962,9,CHEMBL4531,CHEMBL4024788,8itz,P17931
CHEMBL4077188,CCCCNC(=O)c1cn([C@H]2[C@@H](O)[C@@H](CO)O[C@@H](SS[C@@H]3O[C@H](CO)[C@H](O)[C@H](n4cc(-c5cc(F)c(F)c(F)c5)nn4)[C@H]3O)[C@@H]2O)nn1,Kd,19.0,nM,7.72,,CHEMBL4027962,9,CHEMBL4531,CHEMBL4024788,8itz,P17931
CHEMBL4077188,CCCCNC(=O)c1cn([C@H]2[C@@H](O)[C@@H](CO)O[C@@H](SS[C@@H]3O[C@H](CO)[C@H](O)[C@H](n4cc(-c5cc(F)c(F)c(F)c5)nn4)[C@H]3O)[C@@H]2O)nn1,Kd,19.0,nM,7.72,,CHEMBL4027962,9,CHEMBL4531,CHEMBL4024788,8itz,P17931
CHEMBL4075335,OC[C@H]1O[C@@H](SS[C@@H]2O[C@H](CO)[C@H](O)[C@H](n3cc(-c4ccccc4F)nn3)[C@H]2O)[C@H](O)[C@@H](O)[C@H]1O,Kd,7400.0,nM,5.13,,CHEMBL4027962,9,CHEMBL4531,CHEMBL4024788,8itz,P17931
CHEMBL4075335,OC[C@H]1O[C@@H](SS[C@@H]2O[C@H](CO)[C@H](O)[C@H](n3cc(-c4ccccc4F)nn3)[C@H]2O)[C@H](O)[C@@H](O)[C@H]1O,Kd,7400.0,nM,5.13,,CHEMBL4027962,9,CHEMBL4531,CHEMBL4024788,8itz,P17931
CHEMBL4091143,OC[C@H]1O[C@@H](SS[C@@H]2O[C@H](CO)[C@H](O)[C@H](n3cc(-c4cccc(F)c4)nn3)[C@H]2O)[C@H](O)[C@@H](n2cc(-c3cccc(F)c3)nn2)[C@H]1O,Kd,2.3,nM,8.64,,CHEMBL4027961,9,CHEMBL4531,CHEMBL4024788,8itz,P17931
CHEMBL4091143,OC[C@H]1O[C@@H](SS[C@@H]2O[C@H](CO)[C@H](O)[C@H](n3cc(-c4cccc(F)c4)nn3)[C@H]2O)[C@H](O)[C@@H](n2cc(-c3cccc(F)c3)nn2)[C@H]1O,Kd,2.3,nM,8.64,,CHEMBL4027961,9,CHEMBL4531,CHEMBL4024788,8itz,P17931
CHEMBL4091143,OC[C@H]1O[C@@H](SS[C@@H]2O[C@H](CO)[C@H](O)[C@H](n3cc(-c4cccc(F)c4)nn3)[C@H]2O)[C@H](O)[C@@H](n2cc(-c3cccc(F)c3)nn2)[C@H]1O,Kd,2.3,nM,8.64,,CHEMBL4027961,9,CHEMBL4531,CHEMBL4024788,8itz,P17931
CHEMBL4065371,OC[C@H]1O[C@@H](SS[C@@H]2O[C@H](CO)[C@H](O)[C@H](n3cc(-c4ccc(F)cc4)nn3)[C@H]2O)[C@H](O)[C@@H](n2cc(-c3ccc(F)cc3)nn2)[C@H]1O,Kd,2.7,nM,8.57,,CHEMBL4027961,9,CHEMBL4531,CHEMBL4024788,8itz,P17931
CHEMBL4065371,OC[C@H]1O[C@@H](SS[C@@H]2O[C@H](CO)[C@H](O)[C@H](n3cc(-c4ccc(F)cc4)nn3)[C@H]2O)[C@H](O)[C@@H](n2cc(-c3ccc(F)cc3)nn2)[C@H]1O,Kd,2.7,nM,8.57,,CHEMBL4027961,9,CHEMBL4531,CHEMBL4024788,8itz,P17931
CHEMBL4065371,OC[C@H]1O[C@@H](SS[C@@H]2O[C@H](CO)[C@H](O)[C@H](n3cc(-c4ccc(F)cc4)nn3)[C@H]2O)[C@H](O)[C@@H](n2cc(-c3ccc(F)cc3)nn2)[C@H]1O,Kd,2.7,nM,8.57,,CHEMBL4027961,9,CHEMBL4531,CHEMBL4024788,8itz,P17931
CHEMBL4102995,OC[C@H]1O[C@@H](SS[C@@H]2O[C@H](CO)[C@H](O)[C@H](n3cc(-c4ccc(F)c(F)c4)nn3)[C@H]2O)[C@H](O)[C@@H](n2cc(-c3ccc(F)c(F)c3)nn2)[C@H]1O,Kd,1.0,nM,,,CHEMBL4027961,9,CHEMBL4531,CHEMBL4024788,8itz,P17931
CHEMBL4102995,OC[C@H]1O[C@@H](SS[C@@H]2O[C@H](CO)[C@H](O)[C@H](n3cc(-c4ccc(F)c(F)c4)nn3)[C@H]2O)[C@H](O)[C@@H](n2cc(-c3ccc(F)c(F)c3)nn2)[C@H]1O,Kd,1.0,nM,,,CHEMBL4027961,9,CHEMBL4531,CHEMBL4024788,8itz,P17931
CHEMBL4102995,OC[C@H]1O[C@@H](SS[C@@H]2O[C@H](CO)[C@H](O)[C@H](n3cc(-c4ccc(F)c(F)c4)nn3)[C@H]2O)[C@H](O)[C@@H](n2cc(-c3ccc(F)c(F)c3)nn2)[C@H]1O,Kd,1.0,nM,,,CHEMBL4027961,9,CHEMBL4531,CHEMBL4024788,8itz,P17931
CHEMBL4066068,OC[C@H]1O[C@@H](SS[C@@H]2O[C@H](CO)[C@H](O)[C@H](n3cc(-c4cc(F)cc(F)c4)nn3)[C@H]2O)[C@H](O)[C@@H](n2cc(-c3cc(F)cc(F)c3)nn2)[C@H]1O,Kd,1.0,nM,,,CHEMBL4027961,9,CHEMBL4531,CHEMBL4024788,8itz,P17931
CHEMBL4066068,OC[C@H]1O[C@@H](SS[C@@H]2O[C@H](CO)[C@H](O)[C@H](n3cc(-c4cc(F)cc(F)c4)nn3)[C@H]2O)[C@H](O)[C@@H](n2cc(-c3cc(F)cc(F)c3)nn2)[C@H]1O,Kd,1.0,nM,,,CHEMBL4027961,9,CHEMBL4531,CHEMBL4024788,8itz,P17931
CHEMBL4066068,OC[C@H]1O[C@@H](SS[C@@H]2O[C@H](CO)[C@H](O)[C@H](n3cc(-c4cc(F)cc(F)c4)nn3)[C@H]2O)[C@H](O)[C@@H](n2cc(-c3cc(F)cc(F)c3)nn2)[C@H]1O,Kd,1.0,nM,,,CHEMBL4027961,9,CHEMBL4531,CHEMBL4024788,8itz,P17931
CHEMBL4104417,OC[C@H]1O[C@@H](SS[C@@H]2O[C@H](CO)[C@H](O)[C@H](n3cc(-c4cc(F)c(F)c(F)c4)nn3)[C@H]2O)[C@H](O)[C@@H](n2cc(-c3cc(F)c(F)c(F)c3)nn2)[C@H]1O,Kd,1.0,nM,,,CHEMBL4027961,9,CHEMBL4531,CHEMBL4024788,8itz,P17931
CHEMBL4104417,OC[C@H]1O[C@@H](SS[C@@H]2O[C@H](CO)[C@H](O)[C@H](n3cc(-c4cc(F)c(F)c(F)c4)nn3)[C@H]2O)[C@H](O)[C@@H](n2cc(-c3cc(F)c(F)c(F)c3)nn2)[C@H]1O,Kd,1.0,nM,,,CHEMBL4027961,9,CHEMBL4531,CHEMBL4024788,8itz,P17931
CHEMBL4104417,OC[C@H]1O[C@@H](SS[C@@H]2O[C@H](CO)[C@H](O)[C@H](n3cc(-c4cc(F)c(F)c(F)c4)nn3)[C@H]2O)[C@H](O)[C@@H](n2cc(-c3cc(F)c(F)c(F)c3)nn2)[C@H]1O,Kd,1.0,nM,,,CHEMBL4027961,9,CHEMBL4531,CHEMBL4024788,8itz,P17931
CHEMBL4085600,O=c1oc2ccc(F)c(F)c2cc1CO[C@H]1[C@@H](O)[C@@H](CO)O[C@@H](SS[C@@H]2O[C@H](CO)[C@H](O)[C@H](n3cc(-c4cccc(F)c4)nn3)[C@H]2O)[C@@H]1O,Kd,27.0,nM,7.57,,CHEMBL4027961,9,CHEMBL4531,CHEMBL4024788,8itz,P17931
CHEMBL4085600,O=c1oc2ccc(F)c(F)c2cc1CO[C@H]1[C@@H](O)[C@@H](CO)O[C@@H](SS[C@@H]2O[C@H](CO)[C@H](O)[C@H](n3cc(-c4cccc(F)c4)nn3)[C@H]2O)[C@@H]1O,Kd,27.0,nM,7.57,,CHEMBL4027961,9,CHEMBL4531,CHEMBL4024788,8itz,P17931
CHEMBL4085600,O=c1oc2ccc(F)c(F)c2cc1CO[C@H]1[C@@H](O)[C@@H](CO)O[C@@H](SS[C@@H]2O[C@H](CO)[C@H](O)[C@H](n3cc(-c4cccc(F)c4)nn3)[C@H]2O)[C@@H]1O,Kd,27.0,nM,7.57,,CHEMBL4027961,9,CHEMBL4531,CHEMBL4024788,8itz,P17931
CHEMBL4064035,O=c1oc2ccc(F)c(F)c2cc1CO[C@H]1[C@@H](O)[C@@H](CO)O[C@@H](SS[C@@H]2O[C@H](CO)[C@H](O)[C@H](n3cc(-c4cc(F)c(F)c(F)c4)nn3)[C@H]2O)[C@@H]1O,Kd,4.0,nM,8.4,,CHEMBL4027961,9,CHEMBL4531,CHEMBL4024788,8itz,P17931
CHEMBL4064035,O=c1oc2ccc(F)c(F)c2cc1CO[C@H]1[C@@H](O)[C@@H](CO)O[C@@H](SS[C@@H]2O[C@H](CO)[C@H](O)[C@H](n3cc(-c4cc(F)c(F)c(F)c4)nn3)[C@H]2O)[C@@H]1O,Kd,4.0,nM,8.4,,CHEMBL4027961,9,CHEMBL4531,CHEMBL4024788,8itz,P17931
CHEMBL4064035,O=c1oc2ccc(F)c(F)c2cc1CO[C@H]1[C@@H](O)[C@@H](CO)O[C@@H](SS[C@@H]2O[C@H](CO)[C@H](O)[C@H](n3cc(-c4cc(F)c(F)c(F)c4)nn3)[C@H]2O)[C@@H]1O,Kd,4.0,nM,8.4,,CHEMBL4027961,9,CHEMBL4531,CHEMBL4024788,8itz,P17931
CHEMBL4077188,CCCCNC(=O)c1cn([C@H]2[C@@H](O)[C@@H](CO)O[C@@H](SS[C@@H]3O[C@H](CO)[C@H](O)[C@H](n4cc(-c5cc(F)c(F)c(F)c5)nn4)[C@H]3O)[C@@H]2O)nn1,Kd,15.0,nM,7.82,,CHEMBL4027961,9,CHEMBL4531,CHEMBL4024788,8itz,P17931
CHEMBL4077188,CCCCNC(=O)c1cn([C@H]2[C@@H](O)[C@@H](CO)O[C@@H](SS[C@@H]3O[C@H](CO)[C@H](O)[C@H](n4cc(-c5cc(F)c(F)c(F)c5)nn4)[C@H]3O)[C@@H]2O)nn1,Kd,15.0,nM,7.82,,CHEMBL4027961,9,CHEMBL4531,CHEMBL4024788,8itz,P17931
CHEMBL4077188,CCCCNC(=O)c1cn([C@H]2[C@@H](O)[C@@H](CO)O[C@@H](SS[C@@H]3O[C@H](CO)[C@H](O)[C@H](n4cc(-c5cc(F)c(F)c(F)c5)nn4)[C@H]3O)[C@@H]2O)nn1,Kd,15.0,nM,7.82,,CHEMBL4027961,9,CHEMBL4531,CHEMBL4024788,8itz,P17931
CHEMBL4075335,OC[C@H]1O[C@@H](SS[C@@H]2O[C@H](CO)[C@H](O)[C@H](n3cc(-c4ccccc4F)nn3)[C@H]2O)[C@H](O)[C@@H](O)[C@H]1O,Kd,2140.0,nM,5.67,,CHEMBL4027961,9,CHEMBL4531,CHEMBL4024788,8itz,P17931
CHEMBL4075335,OC[C@H]1O[C@@H](SS[C@@H]2O[C@H](CO)[C@H](O)[C@H](n3cc(-c4ccccc4F)nn3)[C@H]2O)[C@H](O)[C@@H](O)[C@H]1O,Kd,2140.0,nM,5.67,,CHEMBL4027961,9,CHEMBL4531,CHEMBL4024788,8itz,P17931
CHEMBL4550997,CO[C@@H]1O[C@H](CO)[C@H](O)[C@H](Nc2ccccc2)[C@H]1O,Kd,,,,Not Active,CHEMBL4338789,9,CHEMBL4531,CHEMBL4334540,8itz,P17931
CHEMBL4559944,COc1cccc(N[C@H]2[C@@H](O)[C@@H](CO)O[C@@H](OC)[C@@H]2O)c1,Kd,,,,Not Active,CHEMBL4338789,9,CHEMBL4531,CHEMBL4334540,8itz,P17931
CHEMBL4474507,COc1ccc(N[C@H]2[C@@H](O)[C@@H](CO)O[C@@H](OC)[C@@H]2O)cc1,Kd,,,,Not Active,CHEMBL4338789,9,CHEMBL4531,CHEMBL4334540,8itz,P17931
CHEMBL4552497,CO[C@@H]1O[C@H](CO)[C@H](O)[C@H](Nc2ccc(C)cc2)[C@H]1O,Kd,,,,Not Active,CHEMBL4338789,9,CHEMBL4531,CHEMBL4334540,8itz,P17931
CHEMBL4513295,CO[C@@H]1O[C@H](CO)[C@H](O)[C@H](Nc2cccc(C)c2)[C@H]1O,Kd,,,,Not Active,CHEMBL4338789,9,CHEMBL4531,CHEMBL4334540,8itz,P17931
CHEMBL4447935,CO[C@@H]1O[C@H](CO)[C@H](O)[C@H](Nc2ccc(C)c(C)c2)[C@H]1O,Kd,,,,Not Active,CHEMBL4338789,9,CHEMBL4531,CHEMBL4334540,8itz,P17931
CHEMBL4570596,CO[C@@H]1O[C@H](CO)[C@H](O)[C@H](Nc2cccc(Cl)c2)[C@H]1O,Kd,,,,Not Active,CHEMBL4338789,9,CHEMBL4531,CHEMBL4334540,8itz,P17931
CHEMBL4445903,CO[C@@H]1O[C@H](CO)[C@H](O)[C@H](Nc2ccc(F)c(F)c2)[C@H]1O,Kd,,,,Not Active,CHEMBL4338789,9,CHEMBL4531,CHEMBL4334540,8itz,P17931
CHEMBL4474462,CO[C@@H]1O[C@H](CO)[C@H](O)[C@@H](Nc2ccccc2)[C@H]1O,Kd,,,,Not Active,CHEMBL4338789,9,CHEMBL4531,CHEMBL4334540,8itz,P17931
CHEMBL4534342,COc1cccc(N[C@@H]2[C@@H](O)[C@@H](CO)O[C@@H](OC)[C@@H]2O)c1,Kd,,,,Not Active,CHEMBL4338789,9,CHEMBL4531,CHEMBL4334540,8itz,P17931
CHEMBL4449294,COc1ccc(N[C@@H]2[C@@H](O)[C@@H](CO)O[C@@H](OC)[C@@H]2O)cc1,Kd,,,,Not Active,CHEMBL4338789,9,CHEMBL4531,CHEMBL4334540,8itz,P17931
CHEMBL4446291,CO[C@@H]1O[C@H](CO)[C@H](O)[C@@H](Nc2ccc(C)cc2)[C@H]1O,Kd,,,,Not Active,CHEMBL4338789,9,CHEMBL4531,CHEMBL4334540,8itz,P17931
CHEMBL4434806,CO[C@@H]1O[C@H](CO)[C@H](O)[C@@H](Nc2cccc(C)c2)[C@H]1O,Kd,,,,Not Active,CHEMBL4338789,9,CHEMBL4531,CHEMBL4334540,8itz,P17931
CHEMBL4437067,CO[C@@H]1O[C@H](CO)[C@H](O)[C@@H](Nc2ccc(C)c(C)c2)[C@H]1O,Kd,,,,Not Active,CHEMBL4338789,9,CHEMBL4531,CHEMBL4334540,8itz,P17931
CHEMBL4521316,CO[C@@H]1O[C@H](CO)[C@H](O)[C@@H](Nc2cccc(Cl)c2)[C@H]1O,Kd,,,,Not Active,CHEMBL4338789,9,CHEMBL4531,CHEMBL4334540,8itz,P17931
CHEMBL4538912,CO[C@@H]1O[C@H](CO)[C@H](O)[C@@H](Nc2ccc(F)c(F)c2)[C@H]1O,Kd,,,,Not Active,CHEMBL4338789,9,CHEMBL4531,CHEMBL4334540,8itz,P17931
CHEMBL442951,CO[C@@H]1O[C@H](CO)[C@H](O)[C@H](O)[C@H]1O,Kd,4100000.0,nM,,,CHEMBL4338789,9,CHEMBL4531,CHEMBL4334540,8itz,P17931
CHEMBL442951,CO[C@@H]1O[C@H](CO)[C@H](O)[C@H](O)[C@H]1O,Kd,4100000.0,nM,,,CHEMBL4338789,9,CHEMBL4531,CHEMBL4334540,8itz,P17931
CHEMBL442951,CO[C@@H]1O[C@H](CO)[C@H](O)[C@H](O)[C@H]1O,Kd,4100000.0,nM,,,CHEMBL4338789,9,CHEMBL4531,CHEMBL4334540,8itz,P17931
CHEMBL442951,CO[C@@H]1O[C@H](CO)[C@H](O)[C@H](O)[C@H]1O,Kd,4100000.0,nM,,,CHEMBL4338789,9,CHEMBL4531,CHEMBL4334540,8itz,P17931
CHEMBL442951,CO[C@@H]1O[C@H](CO)[C@H](O)[C@H](O)[C@H]1O,Kd,4100000.0,nM,,,CHEMBL4338789,9,CHEMBL4531,CHEMBL4334540,8itz,P17931
CHEMBL442951,CO[C@@H]1O[C@H](CO)[C@H](O)[C@H](O)[C@H]1O,Kd,4100000.0,nM,,,CHEMBL4338789,9,CHEMBL4531,CHEMBL4334540,8itz,P17931
CHEMBL442951,CO[C@@H]1O[C@H](CO)[C@H](O)[C@H](O)[C@H]1O,Kd,4100000.0,nM,,,CHEMBL4338789,9,CHEMBL4531,CHEMBL4334540,8itz,P17931
CHEMBL4536792,CO[C@@H]1O[C@H](CO)[C@H](O)[C@@H](O)[C@H]1O,Kd,,,,Not Active,CHEMBL4338789,9,CHEMBL4531,CHEMBL4334540,8itz,P17931
CHEMBL4557916,COc1cccc(N[C@@H]2[C@@H](O)[C@@H](Sc3ccc(Cl)c(Cl)c3)O[C@H](CO)[C@@H]2O)c1,Kd,79000.0,nM,4.1,,CHEMBL4338789,9,CHEMBL4531,CHEMBL4334540,8itz,P17931
CHEMBL4438703,COc1ccc(N[C@@H]2[C@@H](O)[C@@H](Sc3ccc(Cl)c(Cl)c3)O[C@H](CO)[C@@H]2O)cc1,Kd,79000.0,nM,4.1,,CHEMBL4338789,9,CHEMBL4531,CHEMBL4334540,8itz,P17931
CHEMBL4446731,Cc1ccc(N[C@@H]2[C@@H](O)[C@@H](Sc3ccc(Cl)c(Cl)c3)O[C@H](CO)[C@@H]2O)cc1C,Kd,170000.0,nM,,,CHEMBL4338789,9,CHEMBL4531,CHEMBL4334540,8itz,P17931
CHEMBL4465115,OC[C@H]1O[C@H](Sc2ccc(Cl)c(Cl)c2)[C@H](O)[C@@H](Nc2cccc(Cl)c2)[C@H]1O,Kd,81000.0,nM,4.09,,CHEMBL4338789,9,CHEMBL4531,CHEMBL4334540,8itz,P17931
CHEMBL4578860,COc1cccc(N[C@H]2[C@@H](O)[C@@H](Sc3ccc(Cl)c(Cl)c3)O[C@H](CO)[C@@H]2O)c1,Kd,,,,Not Active,CHEMBL4338789,9,CHEMBL4531,CHEMBL4334540,8itz,P17931
CHEMBL4524671,COc1ccc(N[C@H]2[C@@H](O)[C@@H](Sc3ccc(Cl)c(Cl)c3)O[C@H](CO)[C@@H]2O)cc1,Kd,,,,Not Active,CHEMBL4338789,9,CHEMBL4531,CHEMBL4334540,8itz,P17931
CHEMBL4459048,Nc1nc(CO[C@@H]2[C@@H](O)[C@@H](Sc3ccc(Cl)c(Cl)c3)O[C@H](CO)[C@@H]2O)cc(-c2ccc(Cl)cc2)n1,Kd,1700.0,nM,5.77,,CHEMBL4374284,9,CHEMBL4531,CHEMBL4373655,8itz,P17931
CHEMBL4582862,CO[C@@H]1O[C@H](CO)[C@H](O)[C@H](OCc2cc(-c3ccccc3)nc(N)n2)[C@H]1O,Kd,260000.0,nM,,,CHEMBL4374284,9,CHEMBL4531,CHEMBL4373655,8itz,P17931
CHEMBL4582862,CO[C@@H]1O[C@H](CO)[C@H](O)[C@H](OCc2cc(-c3ccccc3)nc(N)n2)[C@H]1O,Kd,260000.0,nM,,,CHEMBL4374284,9,CHEMBL4531,CHEMBL4373655,8itz,P17931
CHEMBL4582862,CO[C@@H]1O[C@H](CO)[C@H](O)[C@H](OCc2cc(-c3ccccc3)nc(N)n2)[C@H]1O,Kd,260000.0,nM,,,CHEMBL4374284,9,CHEMBL4531,CHEMBL4373655,8itz,P17931
CHEMBL4513875,CO[C@@H]1O[C@H](CO)[C@H](O)[C@H](OCc2cc(-c3ccc4ccccc4c3)nc(N)n2)[C@H]1O,Kd,83000.0,nM,4.08,,CHEMBL4374284,9,CHEMBL4531,CHEMBL4373655,8itz,P17931
CHEMBL4513875,CO[C@@H]1O[C@H](CO)[C@H](O)[C@H](OCc2cc(-c3ccc4ccccc4c3)nc(N)n2)[C@H]1O,Kd,83000.0,nM,4.08,,CHEMBL4374284,9,CHEMBL4531,CHEMBL4373655,8itz,P17931
CHEMBL4513875,CO[C@@H]1O[C@H](CO)[C@H](O)[C@H](OCc2cc(-c3ccc4ccccc4c3)nc(N)n2)[C@H]1O,Kd,83000.0,nM,4.08,,CHEMBL4374284,9,CHEMBL4531,CHEMBL4373655,8itz,P17931
CHEMBL4559286,CO[C@@H]1O[C@H](CO)[C@H](O)[C@H](OCc2cc(-c3cccc4ccccc34)nc(N)n2)[C@H]1O,Kd,340000.0,nM,,,CHEMBL4374284,9,CHEMBL4531,CHEMBL4373655,8itz,P17931
CHEMBL4454596,CO[C@@H]1O[C@H](CO)[C@H](O)[C@H](OCc2cc(-c3ccc(F)cc3)nc(N)n2)[C@H]1O,Kd,320000.0,nM,,,CHEMBL4374284,9,CHEMBL4531,CHEMBL4373655,8itz,P17931
CHEMBL4576450,CO[C@@H]1O[C@H](CO)[C@H](O)[C@H](OCc2cc(-c3ccc(Cl)cc3)nc(N)n2)[C@H]1O,Kd,260000.0,nM,,,CHEMBL4374284,9,CHEMBL4531,CHEMBL4373655,8itz,P17931
CHEMBL4576450,CO[C@@H]1O[C@H](CO)[C@H](O)[C@H](OCc2cc(-c3ccc(Cl)cc3)nc(N)n2)[C@H]1O,Kd,260000.0,nM,,,CHEMBL4374284,9,CHEMBL4531,CHEMBL4373655,8itz,P17931
CHEMBL4576450,CO[C@@H]1O[C@H](CO)[C@H](O)[C@H](OCc2cc(-c3ccc(Cl)cc3)nc(N)n2)[C@H]1O,Kd,260000.0,nM,,,CHEMBL4374284,9,CHEMBL4531,CHEMBL4373655,8itz,P17931
CHEMBL4452704,CO[C@@H]1O[C@H](CO)[C@H](O)[C@H](OCc2cc(-c3ccc(C)cc3)nc(N)n2)[C@H]1O,Kd,270000.0,nM,,,CHEMBL4374284,9,CHEMBL4531,CHEMBL4373655,8itz,P17931
CHEMBL4434817,CO[C@@H]1O[C@H](CO)[C@H](O)[C@H](OCc2cc(-c3cccc(F)c3)nc(N)n2)[C@H]1O,Kd,230000.0,nM,,,CHEMBL4374284,9,CHEMBL4531,CHEMBL4373655,8itz,P17931
CHEMBL4577855,CO[C@@H]1O[C@H](CO)[C@H](O)[C@H](OCc2cc(-c3cccc(Cl)c3)nc(N)n2)[C@H]1O,Kd,190000.0,nM,,,CHEMBL4374284,9,CHEMBL4531,CHEMBL4373655,8itz,P17931
CHEMBL4449542,CO[C@@H]1O[C@H](CO)[C@H](O)[C@H](OCc2cc(-c3cccc(C)c3)nc(N)n2)[C@H]1O,Kd,200000.0,nM,,,CHEMBL4374284,9,CHEMBL4531,CHEMBL4373655,8itz,P17931
CHEMBL4475931,CO[C@@H]1O[C@H](CO)[C@H](O)[C@H](OCc2cc(-c3ccc(Br)cc3)nc(N)n2)[C@H]1O,Kd,310000.0,nM,,,CHEMBL4374284,9,CHEMBL4531,CHEMBL4373655,8itz,P17931
CHEMBL4568230,CO[C@@H]1O[C@H](CO)[C@H](O)[C@H](OCc2cc(-c3ccc(C(C)(C)C)cc3)nc(N)n2)[C@H]1O,Kd,300000.0,nM,,,CHEMBL4374284,9,CHEMBL4531,CHEMBL4373655,8itz,P17931
CHEMBL4476047,CO[C@@H]1O[C@H](CO)[C@H](O)[C@H](OCc2cc(-c3ccc(-c4ccccc4)cc3)nc(N)n2)[C@H]1O,Kd,191000.0,nM,,,CHEMBL4374284,9,CHEMBL4531,CHEMBL4373655,8itz,P17931
CHEMBL4437063,CO[C@@H]1O[C@H](CO)[C@H](O)[C@H](OCc2cc(-c3cccc(-c4ccccc4)c3)nc(N)n2)[C@H]1O,Kd,280000.0,nM,,,CHEMBL4374284,9,CHEMBL4531,CHEMBL4373655,8itz,P17931
CHEMBL4442524,CO[C@@H]1O[C@H](CO)[C@H](O)[C@H](OCc2cc(-c3ccccc3F)nc(N)n2)[C@H]1O,Kd,260000.0,nM,,,CHEMBL4374284,9,CHEMBL4531,CHEMBL4373655,8itz,P17931
CHEMBL442951,CO[C@@H]1O[C@H](CO)[C@H](O)[C@H](O)[C@H]1O,Kd,4400000.0,nM,,,CHEMBL4374284,9,CHEMBL4531,CHEMBL4373655,8itz,P17931
CHEMBL442951,CO[C@@H]1O[C@H](CO)[C@H](O)[C@H](O)[C@H]1O,Kd,4400000.0,nM,,,CHEMBL4374284,9,CHEMBL4531,CHEMBL4373655,8itz,P17931
CHEMBL442951,CO[C@@H]1O[C@H](CO)[C@H](O)[C@H](O)[C@H]1O,Kd,4400000.0,nM,,,CHEMBL4374284,9,CHEMBL4531,CHEMBL4373655,8itz,P17931
CHEMBL442951,CO[C@@H]1O[C@H](CO)[C@H](O)[C@H](O)[C@H]1O,Kd,4400000.0,nM,,,CHEMBL4374284,9,CHEMBL4531,CHEMBL4373655,8itz,P17931
CHEMBL442951,CO[C@@H]1O[C@H](CO)[C@H](O)[C@H](O)[C@H]1O,Kd,4400000.0,nM,,,CHEMBL4374284,9,CHEMBL4531,CHEMBL4373655,8itz,P17931
CHEMBL442951,CO[C@@H]1O[C@H](CO)[C@H](O)[C@H](O)[C@H]1O,Kd,4400000.0,nM,,,CHEMBL4374284,9,CHEMBL4531,CHEMBL4373655,8itz,P17931
CHEMBL442951,CO[C@@H]1O[C@H](CO)[C@H](O)[C@H](O)[C@H]1O,Kd,4400000.0,nM,,,CHEMBL4374284,9,CHEMBL4531,CHEMBL4373655,8itz,P17931
CHEMBL4582862,CO[C@@H]1O[C@H](CO)[C@H](O)[C@H](OCc2cc(-c3ccccc3)nc(N)n2)[C@H]1O,Kd,840000.0,nM,,,CHEMBL4374285,9,CHEMBL4531,CHEMBL4373655,8itz,P17931
CHEMBL4582862,CO[C@@H]1O[C@H](CO)[C@H](O)[C@H](OCc2cc(-c3ccccc3)nc(N)n2)[C@H]1O,Kd,840000.0,nM,,,CHEMBL4374285,9,CHEMBL4531,CHEMBL4373655,8itz,P17931
CHEMBL4582862,CO[C@@H]1O[C@H](CO)[C@H](O)[C@H](OCc2cc(-c3ccccc3)nc(N)n2)[C@H]1O,Kd,840000.0,nM,,,CHEMBL4374285,9,CHEMBL4531,CHEMBL4373655,8itz,P17931
CHEMBL4513875,CO[C@@H]1O[C@H](CO)[C@H](O)[C@H](OCc2cc(-c3ccc4ccccc4c3)nc(N)n2)[C@H]1O,Kd,280000.0,nM,,,CHEMBL4374285,9,CHEMBL4531,CHEMBL4373655,8itz,P17931
CHEMBL4513875,CO[C@@H]1O[C@H](CO)[C@H](O)[C@H](OCc2cc(-c3ccc4ccccc4c3)nc(N)n2)[C@H]1O,Kd,280000.0,nM,,,CHEMBL4374285,9,CHEMBL4531,CHEMBL4373655,8itz,P17931
CHEMBL4513875,CO[C@@H]1O[C@H](CO)[C@H](O)[C@H](OCc2cc(-c3ccc4ccccc4c3)nc(N)n2)[C@H]1O,Kd,280000.0,nM,,,CHEMBL4374285,9,CHEMBL4531,CHEMBL4373655,8itz,P17931
CHEMBL4576450,CO[C@@H]1O[C@H](CO)[C@H](O)[C@H](OCc2cc(-c3ccc(Cl)cc3)nc(N)n2)[C@H]1O,Kd,1400000.0,nM,,,CHEMBL4374285,9,CHEMBL4531,CHEMBL4373655,8itz,P17931
CHEMBL4576450,CO[C@@H]1O[C@H](CO)[C@H](O)[C@H](OCc2cc(-c3ccc(Cl)cc3)nc(N)n2)[C@H]1O,Kd,1400000.0,nM,,,CHEMBL4374285,9,CHEMBL4531,CHEMBL4373655,8itz,P17931
CHEMBL4576450,CO[C@@H]1O[C@H](CO)[C@H](O)[C@H](OCc2cc(-c3ccc(Cl)cc3)nc(N)n2)[C@H]1O,Kd,1400000.0,nM,,,CHEMBL4374285,9,CHEMBL4531,CHEMBL4373655,8itz,P17931
CHEMBL4582862,CO[C@@H]1O[C@H](CO)[C@H](O)[C@H](OCc2cc(-c3ccccc3)nc(N)n2)[C@H]1O,Kd,1200000.0,nM,,,CHEMBL4374286,9,CHEMBL4531,CHEMBL4373655,8itz,P17931
CHEMBL4582862,CO[C@@H]1O[C@H](CO)[C@H](O)[C@H](OCc2cc(-c3ccccc3)nc(N)n2)[C@H]1O,Kd,1200000.0,nM,,,CHEMBL4374286,9,CHEMBL4531,CHEMBL4373655,8itz,P17931
CHEMBL4582862,CO[C@@H]1O[C@H](CO)[C@H](O)[C@H](OCc2cc(-c3ccccc3)nc(N)n2)[C@H]1O,Kd,1200000.0,nM,,,CHEMBL4374286,9,CHEMBL4531,CHEMBL4373655,8itz,P17931
CHEMBL4513875,CO[C@@H]1O[C@H](CO)[C@H](O)[C@H](OCc2cc(-c3ccc4ccccc4c3)nc(N)n2)[C@H]1O,Kd,1000000.0,nM,,,CHEMBL4374286,9,CHEMBL4531,CHEMBL4373655,8itz,P17931
CHEMBL4513875,CO[C@@H]1O[C@H](CO)[C@H](O)[C@H](OCc2cc(-c3ccc4ccccc4c3)nc(N)n2)[C@H]1O,Kd,1000000.0,nM,,,CHEMBL4374286,9,CHEMBL4531,CHEMBL4373655,8itz,P17931
CHEMBL4513875,CO[C@@H]1O[C@H](CO)[C@H](O)[C@H](OCc2cc(-c3ccc4ccccc4c3)nc(N)n2)[C@H]1O,Kd,1000000.0,nM,,,CHEMBL4374286,9,CHEMBL4531,CHEMBL4373655,8itz,P17931
CHEMBL4576450,CO[C@@H]1O[C@H](CO)[C@H](O)[C@H](OCc2cc(-c3ccc(Cl)cc3)nc(N)n2)[C@H]1O,Kd,1200000.0,nM,,,CHEMBL4374286,9,CHEMBL4531,CHEMBL4373655,8itz,P17931
CHEMBL4576450,CO[C@@H]1O[C@H](CO)[C@H](O)[C@H](OCc2cc(-c3ccc(Cl)cc3)nc(N)n2)[C@H]1O,Kd,1200000.0,nM,,,CHEMBL4374286,9,CHEMBL4531,CHEMBL4373655,8itz,P17931
CHEMBL4576450,CO[C@@H]1O[C@H](CO)[C@H](O)[C@H](OCc2cc(-c3ccc(Cl)cc3)nc(N)n2)[C@H]1O,Kd,1200000.0,nM,,,CHEMBL4374286,9,CHEMBL4531,CHEMBL4373655,8itz,P17931
CHEMBL4446622,O=c1oc2ccccc2cc1CO[C@H]1[C@@H](O)[C@@H](CO)O[C@@H](S[C@@H]2O[C@H](CO)[C@H](O)[C@H](OCc3cc4ccccc4oc3=O)[C@H]2O)[C@@H]1O,Kd,91.0,nM,7.04,,CHEMBL4429012,9,CHEMBL4531,CHEMBL4428056,8itz,P17931
CHEMBL4446622,O=c1oc2ccccc2cc1CO[C@H]1[C@@H](O)[C@@H](CO)O[C@@H](S[C@@H]2O[C@H](CO)[C@H](O)[C@H](OCc3cc4ccccc4oc3=O)[C@H]2O)[C@@H]1O,Kd,91.0,nM,7.04,,CHEMBL4429012,9,CHEMBL4531,CHEMBL4428056,8itz,P17931
CHEMBL4446622,O=c1oc2ccccc2cc1CO[C@H]1[C@@H](O)[C@@H](CO)O[C@@H](S[C@@H]2O[C@H](CO)[C@H](O)[C@H](OCc3cc4ccccc4oc3=O)[C@H]2O)[C@@H]1O,Kd,91.0,nM,7.04,,CHEMBL4429012,9,CHEMBL4531,CHEMBL4428056,8itz,P17931
CHEMBL4446622,O=c1oc2ccccc2cc1CO[C@H]1[C@@H](O)[C@@H](CO)O[C@@H](S[C@@H]2O[C@H](CO)[C@H](O)[C@H](OCc3cc4ccccc4oc3=O)[C@H]2O)[C@@H]1O,Kd,91.0,nM,7.04,,CHEMBL4429012,9,CHEMBL4531,CHEMBL4428056,8itz,P17931
CHEMBL4446622,O=c1oc2ccccc2cc1CO[C@H]1[C@@H](O)[C@@H](CO)O[C@@H](S[C@@H]2O[C@H](CO)[C@H](O)[C@H](OCc3cc4ccccc4oc3=O)[C@H]2O)[C@@H]1O,Kd,91.0,nM,7.04,,CHEMBL4429012,9,CHEMBL4531,CHEMBL4428056,8itz,P17931
CHEMBL4446622,O=c1oc2ccccc2cc1CO[C@H]1[C@@H](O)[C@@H](CO)O[C@@H](S[C@@H]2O[C@H](CO)[C@H](O)[C@H](OCc3cc4ccccc4oc3=O)[C@H]2O)[C@@H]1O,Kd,91.0,nM,7.04,,CHEMBL4429012,9,CHEMBL4531,CHEMBL4428056,8itz,P17931
CHEMBL4519227,COc1ccc2cc(CO[C@H]3[C@@H](O)[C@@H](CO)O[C@@H](S[C@@H]4O[C@H](CO)[C@H](O)[C@H](OCc5cc6ccc(OC)cc6oc5=O)[C@H]4O)[C@@H]3O)c(=O)oc2c1,Kd,190.0,nM,6.72,,CHEMBL4429012,9,CHEMBL4531,CHEMBL4428056,8itz,P17931
CHEMBL4588244,O=c1oc2ccc(Cl)cc2cc1CO[C@H]1[C@@H](O)[C@@H](CO)O[C@@H](S[C@@H]2O[C@H](CO)[C@H](O)[C@H](OCc3cc4cc(Cl)ccc4oc3=O)[C@H]2O)[C@@H]1O,Kd,1400.0,nM,5.85,,CHEMBL4429012,9,CHEMBL4531,CHEMBL4428056,8itz,P17931
CHEMBL444662,O=C(N[C@H]1[C@@H](O)[C@@H](CO)O[C@@H](S[C@@H]2O[C@H](CO)[C@H](O)[C@H](NC(=O)c3ccc4ccccc4c3)[C@H]2O)[C@@H]1O)c1ccc2ccccc2c1,Kd,160.0,nM,6.8,,CHEMBL4429012,9,CHEMBL4531,CHEMBL4428056,8itz,P17931
CHEMBL444662,O=C(N[C@H]1[C@@H](O)[C@@H](CO)O[C@@H](S[C@@H]2O[C@H](CO)[C@H](O)[C@H](NC(=O)c3ccc4ccccc4c3)[C@H]2O)[C@@H]1O)c1ccc2ccccc2c1,Kd,160.0,nM,6.8,,CHEMBL4429012,9,CHEMBL4531,CHEMBL4428056,8itz,P17931
CHEMBL4446622,O=c1oc2ccccc2cc1CO[C@H]1[C@@H](O)[C@@H](CO)O[C@@H](S[C@@H]2O[C@H](CO)[C@H](O)[C@H](OCc3cc4ccccc4oc3=O)[C@H]2O)[C@@H]1O,Kd,3000.0,nM,5.52,,CHEMBL4429020,9,CHEMBL4531,CHEMBL4428056,8itz,P17931
CHEMBL4446622,O=c1oc2ccccc2cc1CO[C@H]1[C@@H](O)[C@@H](CO)O[C@@H](S[C@@H]2O[C@H](CO)[C@H](O)[C@H](OCc3cc4ccccc4oc3=O)[C@H]2O)[C@@H]1O,Kd,3000.0,nM,5.52,,CHEMBL4429020,9,CHEMBL4531,CHEMBL4428056,8itz,P17931
CHEMBL4446622,O=c1oc2ccccc2cc1CO[C@H]1[C@@H](O)[C@@H](CO)O[C@@H](S[C@@H]2O[C@H](CO)[C@H](O)[C@H](OCc3cc4ccccc4oc3=O)[C@H]2O)[C@@H]1O,Kd,3000.0,nM,5.52,,CHEMBL4429020,9,CHEMBL4531,CHEMBL4428056,8itz,P17931
CHEMBL4446622,O=c1oc2ccccc2cc1CO[C@H]1[C@@H](O)[C@@H](CO)O[C@@H](S[C@@H]2O[C@H](CO)[C@H](O)[C@H](OCc3cc4ccccc4oc3=O)[C@H]2O)[C@@H]1O,Kd,3000.0,nM,5.52,,CHEMBL4429020,9,CHEMBL4531,CHEMBL4428056,8itz,P17931
CHEMBL4446622,O=c1oc2ccccc2cc1CO[C@H]1[C@@H](O)[C@@H](CO)O[C@@H](S[C@@H]2O[C@H](CO)[C@H](O)[C@H](OCc3cc4ccccc4oc3=O)[C@H]2O)[C@@H]1O,Kd,3000.0,nM,5.52,,CHEMBL4429020,9,CHEMBL4531,CHEMBL4428056,8itz,P17931
CHEMBL4446622,O=c1oc2ccccc2cc1CO[C@H]1[C@@H](O)[C@@H](CO)O[C@@H](S[C@@H]2O[C@H](CO)[C@H](O)[C@H](OCc3cc4ccccc4oc3=O)[C@H]2O)[C@@H]1O,Kd,3000.0,nM,5.52,,CHEMBL4429020,9,CHEMBL4531,CHEMBL4428056,8itz,P17931
CHEMBL4446622,O=c1oc2ccccc2cc1CO[C@H]1[C@@H](O)[C@@H](CO)O[C@@H](S[C@@H]2O[C@H](CO)[C@H](O)[C@H](OCc3cc4ccccc4oc3=O)[C@H]2O)[C@@H]1O,Kd,6100.0,nM,5.21,,CHEMBL4429021,9,CHEMBL4531,CHEMBL4428056,8itz,P17931
CHEMBL4446622,O=c1oc2ccccc2cc1CO[C@H]1[C@@H](O)[C@@H](CO)O[C@@H](S[C@@H]2O[C@H](CO)[C@H](O)[C@H](OCc3cc4ccccc4oc3=O)[C@H]2O)[C@@H]1O,Kd,6100.0,nM,5.21,,CHEMBL4429021,9,CHEMBL4531,CHEMBL4428056,8itz,P17931
CHEMBL4446622,O=c1oc2ccccc2cc1CO[C@H]1[C@@H](O)[C@@H](CO)O[C@@H](S[C@@H]2O[C@H](CO)[C@H](O)[C@H](OCc3cc4ccccc4oc3=O)[C@H]2O)[C@@H]1O,Kd,6100.0,nM,5.21,,CHEMBL4429021,9,CHEMBL4531,CHEMBL4428056,8itz,P17931
CHEMBL4446622,O=c1oc2ccccc2cc1CO[C@H]1[C@@H](O)[C@@H](CO)O[C@@H](S[C@@H]2O[C@H](CO)[C@H](O)[C@H](OCc3cc4ccccc4oc3=O)[C@H]2O)[C@@H]1O,Kd,6100.0,nM,5.21,,CHEMBL4429021,9,CHEMBL4531,CHEMBL4428056,8itz,P17931
CHEMBL4446622,O=c1oc2ccccc2cc1CO[C@H]1[C@@H](O)[C@@H](CO)O[C@@H](S[C@@H]2O[C@H](CO)[C@H](O)[C@H](OCc3cc4ccccc4oc3=O)[C@H]2O)[C@@H]1O,Kd,6100.0,nM,5.21,,CHEMBL4429021,9,CHEMBL4531,CHEMBL4428056,8itz,P17931
CHEMBL4446622,O=c1oc2ccccc2cc1CO[C@H]1[C@@H](O)[C@@H](CO)O[C@@H](S[C@@H]2O[C@H](CO)[C@H](O)[C@H](OCc3cc4ccccc4oc3=O)[C@H]2O)[C@@H]1O,Kd,6100.0,nM,5.21,,CHEMBL4429021,9,CHEMBL4531,CHEMBL4428056,8itz,P17931
CHEMBL4446622,O=c1oc2ccccc2cc1CO[C@H]1[C@@H](O)[C@@H](CO)O[C@@H](S[C@@H]2O[C@H](CO)[C@H](O)[C@H](OCc3cc4ccccc4oc3=O)[C@H]2O)[C@@H]1O,Kd,110000.0,nM,,,CHEMBL4429022,9,CHEMBL4531,CHEMBL4428056,8itz,P17931
CHEMBL4446622,O=c1oc2ccccc2cc1CO[C@H]1[C@@H](O)[C@@H](CO)O[C@@H](S[C@@H]2O[C@H](CO)[C@H](O)[C@H](OCc3cc4ccccc4oc3=O)[C@H]2O)[C@@H]1O,Kd,110000.0,nM,,,CHEMBL4429022,9,CHEMBL4531,CHEMBL4428056,8itz,P17931
CHEMBL4446622,O=c1oc2ccccc2cc1CO[C@H]1[C@@H](O)[C@@H](CO)O[C@@H](S[C@@H]2O[C@H](CO)[C@H](O)[C@H](OCc3cc4ccccc4oc3=O)[C@H]2O)[C@@H]1O,Kd,110000.0,nM,,,CHEMBL4429022,9,CHEMBL4531,CHEMBL4428056,8itz,P17931
CHEMBL4446622,O=c1oc2ccccc2cc1CO[C@H]1[C@@H](O)[C@@H](CO)O[C@@H](S[C@@H]2O[C@H](CO)[C@H](O)[C@H](OCc3cc4ccccc4oc3=O)[C@H]2O)[C@@H]1O,Kd,110000.0,nM,,,CHEMBL4429022,9,CHEMBL4531,CHEMBL4428056,8itz,P17931
CHEMBL4446622,O=c1oc2ccccc2cc1CO[C@H]1[C@@H](O)[C@@H](CO)O[C@@H](S[C@@H]2O[C@H](CO)[C@H](O)[C@H](OCc3cc4ccccc4oc3=O)[C@H]2O)[C@@H]1O,Kd,110000.0,nM,,,CHEMBL4429022,9,CHEMBL4531,CHEMBL4428056,8itz,P17931
CHEMBL4446622,O=c1oc2ccccc2cc1CO[C@H]1[C@@H](O)[C@@H](CO)O[C@@H](S[C@@H]2O[C@H](CO)[C@H](O)[C@H](OCc3cc4ccccc4oc3=O)[C@H]2O)[C@@H]1O,Kd,110000.0,nM,,,CHEMBL4429022,9,CHEMBL4531,CHEMBL4428056,8itz,P17931
CHEMBL4446622,O=c1oc2ccccc2cc1CO[C@H]1[C@@H](O)[C@@H](CO)O[C@@H](S[C@@H]2O[C@H](CO)[C@H](O)[C@H](OCc3cc4ccccc4oc3=O)[C@H]2O)[C@@H]1O,Kd,50000.0,nM,4.3,,CHEMBL4429023,9,CHEMBL4531,CHEMBL4428056,8itz,P17931
CHEMBL4446622,O=c1oc2ccccc2cc1CO[C@H]1[C@@H](O)[C@@H](CO)O[C@@H](S[C@@H]2O[C@H](CO)[C@H](O)[C@H](OCc3cc4ccccc4oc3=O)[C@H]2O)[C@@H]1O,Kd,50000.0,nM,4.3,,CHEMBL4429023,9,CHEMBL4531,CHEMBL4428056,8itz,P17931
CHEMBL4446622,O=c1oc2ccccc2cc1CO[C@H]1[C@@H](O)[C@@H](CO)O[C@@H](S[C@@H]2O[C@H](CO)[C@H](O)[C@H](OCc3cc4ccccc4oc3=O)[C@H]2O)[C@@H]1O,Kd,50000.0,nM,4.3,,CHEMBL4429023,9,CHEMBL4531,CHEMBL4428056,8itz,P17931
CHEMBL4446622,O=c1oc2ccccc2cc1CO[C@H]1[C@@H](O)[C@@H](CO)O[C@@H](S[C@@H]2O[C@H](CO)[C@H](O)[C@H](OCc3cc4ccccc4oc3=O)[C@H]2O)[C@@H]1O,Kd,50000.0,nM,4.3,,CHEMBL4429023,9,CHEMBL4531,CHEMBL4428056,8itz,P17931
CHEMBL4446622,O=c1oc2ccccc2cc1CO[C@H]1[C@@H](O)[C@@H](CO)O[C@@H](S[C@@H]2O[C@H](CO)[C@H](O)[C@H](OCc3cc4ccccc4oc3=O)[C@H]2O)[C@@H]1O,Kd,50000.0,nM,4.3,,CHEMBL4429023,9,CHEMBL4531,CHEMBL4428056,8itz,P17931
CHEMBL4446622,O=c1oc2ccccc2cc1CO[C@H]1[C@@H](O)[C@@H](CO)O[C@@H](S[C@@H]2O[C@H](CO)[C@H](O)[C@H](OCc3cc4ccccc4oc3=O)[C@H]2O)[C@@H]1O,Kd,50000.0,nM,4.3,,CHEMBL4429023,9,CHEMBL4531,CHEMBL4428056,8itz,P17931
CHEMBL4446622,O=c1oc2ccccc2cc1CO[C@H]1[C@@H](O)[C@@H](CO)O[C@@H](S[C@@H]2O[C@H](CO)[C@H](O)[C@H](OCc3cc4ccccc4oc3=O)[C@H]2O)[C@@H]1O,Kd,270.0,nM,6.57,,CHEMBL4429024,9,CHEMBL4531,CHEMBL4428056,8itz,P17931
CHEMBL4446622,O=c1oc2ccccc2cc1CO[C@H]1[C@@H](O)[C@@H](CO)O[C@@H](S[C@@H]2O[C@H](CO)[C@H](O)[C@H](OCc3cc4ccccc4oc3=O)[C@H]2O)[C@@H]1O,Kd,270.0,nM,6.57,,CHEMBL4429024,9,CHEMBL4531,CHEMBL4428056,8itz,P17931
CHEMBL4446622,O=c1oc2ccccc2cc1CO[C@H]1[C@@H](O)[C@@H](CO)O[C@@H](S[C@@H]2O[C@H](CO)[C@H](O)[C@H](OCc3cc4ccccc4oc3=O)[C@H]2O)[C@@H]1O,Kd,270.0,nM,6.57,,CHEMBL4429024,9,CHEMBL4531,CHEMBL4428056,8itz,P17931
CHEMBL4446622,O=c1oc2ccccc2cc1CO[C@H]1[C@@H](O)[C@@H](CO)O[C@@H](S[C@@H]2O[C@H](CO)[C@H](O)[C@H](OCc3cc4ccccc4oc3=O)[C@H]2O)[C@@H]1O,Kd,270.0,nM,6.57,,CHEMBL4429024,9,CHEMBL4531,CHEMBL4428056,8itz,P17931
CHEMBL4446622,O=c1oc2ccccc2cc1CO[C@H]1[C@@H](O)[C@@H](CO)O[C@@H](S[C@@H]2O[C@H](CO)[C@H](O)[C@H](OCc3cc4ccccc4oc3=O)[C@H]2O)[C@@H]1O,Kd,270.0,nM,6.57,,CHEMBL4429024,9,CHEMBL4531,CHEMBL4428056,8itz,P17931
CHEMBL4446622,O=c1oc2ccccc2cc1CO[C@H]1[C@@H](O)[C@@H](CO)O[C@@H](S[C@@H]2O[C@H](CO)[C@H](O)[C@H](OCc3cc4ccccc4oc3=O)[C@H]2O)[C@@H]1O,Kd,270.0,nM,6.57,,CHEMBL4429024,9,CHEMBL4531,CHEMBL4428056,8itz,P17931
CHEMBL52011,OC[C@H]1O[C@@H](S[C@@H]2O[C@H](CO)[C@H](O)[C@H](O)[C@H]2O)[C@H](O)[C@@H](O)[C@H]1O,Kd,49000.0,nM,4.31,,CHEMBL4429026,9,CHEMBL4531,CHEMBL4428056,8itz,P17931
CHEMBL52011,OC[C@H]1O[C@@H](S[C@@H]2O[C@H](CO)[C@H](O)[C@H](O)[C@H]2O)[C@H](O)[C@@H](O)[C@H]1O,Kd,49000.0,nM,4.31,,CHEMBL4429026,9,CHEMBL4531,CHEMBL4428056,8itz,P17931
CHEMBL52011,OC[C@H]1O[C@@H](S[C@@H]2O[C@H](CO)[C@H](O)[C@H](O)[C@H]2O)[C@H](O)[C@@H](O)[C@H]1O,Kd,49000.0,nM,4.31,,CHEMBL4429026,9,CHEMBL4531,CHEMBL4428056,8itz,P17931
CHEMBL52011,OC[C@H]1O[C@@H](S[C@@H]2O[C@H](CO)[C@H](O)[C@H](O)[C@H]2O)[C@H](O)[C@@H](O)[C@H]1O,Kd,49000.0,nM,4.31,,CHEMBL4429026,9,CHEMBL4531,CHEMBL4428056,8itz,P17931
CHEMBL52011,OC[C@H]1O[C@@H](S[C@@H]2O[C@H](CO)[C@H](O)[C@H](O)[C@H]2O)[C@H](O)[C@@H](O)[C@H]1O,Kd,49000.0,nM,4.31,,CHEMBL4429026,9,CHEMBL4531,CHEMBL4428056,8itz,P17931
CHEMBL52011,OC[C@H]1O[C@@H](S[C@@H]2O[C@H](CO)[C@H](O)[C@H](O)[C@H]2O)[C@H](O)[C@@H](O)[C@H]1O,Kd,49000.0,nM,4.31,,CHEMBL4429026,9,CHEMBL4531,CHEMBL4428056,8itz,P17931
CHEMBL52011,OC[C@H]1O[C@@H](S[C@@H]2O[C@H](CO)[C@H](O)[C@H](O)[C@H]2O)[C@H](O)[C@@H](O)[C@H]1O,Kd,49000.0,nM,4.31,,CHEMBL4429026,9,CHEMBL4531,CHEMBL4428056,8itz,P17931
CHEMBL562318,Cn1cc(-c2ccncc2)c(-c2ccc(OCc3ccc4ccccc4n3)cc2)n1,Kd,150.0,nM,6.82,,CHEMBL4730430,9,CHEMBL4531,CHEMBL4725413,8itz,P17931
CHEMBL562318,Cn1cc(-c2ccncc2)c(-c2ccc(OCc3ccc4ccccc4n3)cc2)n1,Kd,150.0,nM,6.82,,CHEMBL4730430,9,CHEMBL4531,CHEMBL4725413,8itz,P17931
CHEMBL562318,Cn1cc(-c2ccncc2)c(-c2ccc(OCc3ccc4ccccc4n3)cc2)n1,Kd,290.0,nM,6.54,,CHEMBL4730432,9,CHEMBL4531,CHEMBL4725413,8itz,P17931
CHEMBL562318,Cn1cc(-c2ccncc2)c(-c2ccc(OCc3ccc4ccccc4n3)cc2)n1,Kd,290.0,nM,6.54,,CHEMBL4730432,9,CHEMBL4531,CHEMBL4725413,8itz,P17931
CHEMBL4862920,OC[C@H]1Oc2cc(Cc3ccc(F)cc3)cc3c2[C@@H](OC3)[C@H]1O,Kd,4100000.0,nM,,,CHEMBL4825574,9,CHEMBL4531,CHEMBL4823328,8itz,P17931
CHEMBL2115530,OC[C@H]1OC=C[C@@H](O)[C@H]1O,Kd,3300000.0,nM,,,CHEMBL4825574,9,CHEMBL4531,CHEMBL4823328,8itz,P17931
CHEMBL442951,CO[C@@H]1O[C@H](CO)[C@H](O)[C@H](O)[C@H]1O,Kd,4400000.0,nM,,,CHEMBL4825574,9,CHEMBL4531,CHEMBL4823328,8itz,P17931
CHEMBL442951,CO[C@@H]1O[C@H](CO)[C@H](O)[C@H](O)[C@H]1O,Kd,4400000.0,nM,,,CHEMBL4825574,9,CHEMBL4531,CHEMBL4823328,8itz,P17931
CHEMBL442951,CO[C@@H]1O[C@H](CO)[C@H](O)[C@H](O)[C@H]1O,Kd,4400000.0,nM,,,CHEMBL4825574,9,CHEMBL4531,CHEMBL4823328,8itz,P17931
CHEMBL442951,CO[C@@H]1O[C@H](CO)[C@H](O)[C@H](O)[C@H]1O,Kd,4400000.0,nM,,,CHEMBL4825574,9,CHEMBL4531,CHEMBL4823328,8itz,P17931
CHEMBL442951,CO[C@@H]1O[C@H](CO)[C@H](O)[C@H](O)[C@H]1O,Kd,4400000.0,nM,,,CHEMBL4825574,9,CHEMBL4531,CHEMBL4823328,8itz,P17931
CHEMBL442951,CO[C@@H]1O[C@H](CO)[C@H](O)[C@H](O)[C@H]1O,Kd,4400000.0,nM,,,CHEMBL4825574,9,CHEMBL4531,CHEMBL4823328,8itz,P17931
CHEMBL442951,CO[C@@H]1O[C@H](CO)[C@H](O)[C@H](O)[C@H]1O,Kd,4400000.0,nM,,,CHEMBL4825574,9,CHEMBL4531,CHEMBL4823328,8itz,P17931
CHEMBL4846264,COC(=O)c1ccc2nc(CO[C@@H]3C=CO[C@H](CO)[C@@H]3O)n(C)c2c1,Kd,1300000.0,nM,,,CHEMBL4825574,9,CHEMBL4531,CHEMBL4823328,8itz,P17931
CHEMBL4868598,CCOC(=O)c1ccc2c(c1)nc(CO[C@@H]1C=CO[C@H](CO)[C@@H]1O)n2C,Kd,680000.0,nM,,,CHEMBL4825574,9,CHEMBL4531,CHEMBL4823328,8itz,P17931
CHEMBL4855576,COC(=O)c1ccc2nc(CO[C@@H]3C=CO[C@H](CO)[C@@H]3O)[nH]c2c1,Kd,1200000.0,nM,,,CHEMBL4825574,9,CHEMBL4531,CHEMBL4823328,8itz,P17931
CHEMBL4850222,Cn1c(CO[C@@H]2C=CO[C@H](CO)[C@@H]2O)nc2ccc(C(=O)O)cc21,Kd,690000.0,nM,,,CHEMBL4825574,9,CHEMBL4531,CHEMBL4823328,8itz,P17931
CHEMBL4873628,Cn1c(CO[C@@H]2C=CO[C@H](CO)[C@@H]2O)nc2cc(C(=O)O)ccc21,Kd,770000.0,nM,,,CHEMBL4825574,9,CHEMBL4531,CHEMBL4823328,8itz,P17931
CHEMBL4860539,O=C(O)c1ccc2nc(CO[C@@H]3C=CO[C@H](CO)[C@@H]3O)[nH]c2c1,Kd,550000.0,nM,,,CHEMBL4825574,9,CHEMBL4531,CHEMBL4823328,8itz,P17931
CHEMBL4873509,COC(=O)c1ccc2ccc(CO[C@@H]3C=CO[C@H](CO)[C@@H]3O)nc2c1,Kd,1700000.0,nM,,,CHEMBL4825574,9,CHEMBL4531,CHEMBL4823328,8itz,P17931
CHEMBL4860496,O=C(O)c1ccc2ccc(CO[C@@H]3C=CO[C@H](CO)[C@@H]3O)nc2c1,Kd,590000.0,nM,,,CHEMBL4825574,9,CHEMBL4531,CHEMBL4823328,8itz,P17931
CHEMBL442951,CO[C@@H]1O[C@H](CO)[C@H](O)[C@H](O)[C@H]1O,Kd,4400000.0,nM,,,CHEMBL4832238,9,CHEMBL4531,CHEMBL4831499,8itz,P17931
CHEMBL442951,CO[C@@H]1O[C@H](CO)[C@H](O)[C@H](O)[C@H]1O,Kd,4400000.0,nM,,,CHEMBL4832238,9,CHEMBL4531,CHEMBL4831499,8itz,P17931
CHEMBL442951,CO[C@@H]1O[C@H](CO)[C@H](O)[C@H](O)[C@H]1O,Kd,4400000.0,nM,,,CHEMBL4832238,9,CHEMBL4531,CHEMBL4831499,8itz,P17931
CHEMBL442951,CO[C@@H]1O[C@H](CO)[C@H](O)[C@H](O)[C@H]1O,Kd,4400000.0,nM,,,CHEMBL4832238,9,CHEMBL4531,CHEMBL4831499,8itz,P17931
CHEMBL442951,CO[C@@H]1O[C@H](CO)[C@H](O)[C@H](O)[C@H]1O,Kd,4400000.0,nM,,,CHEMBL4832238,9,CHEMBL4531,CHEMBL4831499,8itz,P17931
CHEMBL442951,CO[C@@H]1O[C@H](CO)[C@H](O)[C@H](O)[C@H]1O,Kd,4400000.0,nM,,,CHEMBL4832238,9,CHEMBL4531,CHEMBL4831499,8itz,P17931
CHEMBL442951,CO[C@@H]1O[C@H](CO)[C@H](O)[C@H](O)[C@H]1O,Kd,4400000.0,nM,,,CHEMBL4832238,9,CHEMBL4531,CHEMBL4831499,8itz,P17931
CHEMBL5314358,,Kd,231000.0,nM,,,CHEMBL4832238,9,CHEMBL4531,CHEMBL4831499,8itz,P17931
CHEMBL5314358,,Kd,231000.0,nM,,,CHEMBL4832238,9,CHEMBL4531,CHEMBL4831499,8itz,P17931
CHEMBL5314358,,Kd,231000.0,nM,,,CHEMBL4832238,9,CHEMBL4531,CHEMBL4831499,8itz,P17931
CHEMBL5314358,,Kd,231000.0,nM,,,CHEMBL4832238,9,CHEMBL4531,CHEMBL4831499,8itz,P17931
CHEMBL5314358,,Kd,231000.0,nM,,,CHEMBL4832238,9,CHEMBL4531,CHEMBL4831499,8itz,P17931
CHEMBL5314358,,Kd,231000.0,nM,,,CHEMBL4832238,9,CHEMBL4531,CHEMBL4831499,8itz,P17931
CHEMBL5314358,,Kd,231000.0,nM,,,CHEMBL4832238,9,CHEMBL4531,CHEMBL4831499,8itz,P17931
CHEMBL5314358,,Kd,231000.0,nM,,,CHEMBL4832238,9,CHEMBL4531,CHEMBL4831499,8itz,P17931
CHEMBL4864620,COC(=O)c1ccccc1-n1cc(CO[C@H]2[C@@H](O)[C@@H](CO)O[C@@H](Sc3ccc(C)cc3)[C@@H]2O)nn1,Kd,2000000.0,nM,,,CHEMBL4832238,9,CHEMBL4531,CHEMBL4831499,8itz,P17931
CHEMBL4865708,COC(=O)c1cccc(-n2cc(CO[C@H]3[C@@H](O)[C@@H](CO)O[C@@H](Sc4ccc(C)cc4)[C@@H]3O)nn2)c1,Kd,490000.0,nM,,,CHEMBL4832238,9,CHEMBL4531,CHEMBL4831499,8itz,P17931
CHEMBL4867783,COC(=O)c1ccc(-n2cc(CO[C@H]3[C@@H](O)[C@@H](CO)O[C@@H](Sc4ccc(C)cc4)[C@@H]3O)nn2)cc1,Kd,2000000.0,nM,,,CHEMBL4832238,9,CHEMBL4531,CHEMBL4831499,8itz,P17931
CHEMBL4870586,COC(=O)c1ccccc1-n1cc(CO[C@H]2[C@@H](O)[C@@H](CO)O[C@@H](OC)[C@@H]2O)nn1,Kd,330000.0,nM,,,CHEMBL4832238,9,CHEMBL4531,CHEMBL4831499,8itz,P17931
CHEMBL4874352,COC(=O)c1cccc(-n2cc(CO[C@H]3[C@@H](O)[C@@H](CO)O[C@@H](OC)[C@@H]3O)nn2)c1,Kd,510000.0,nM,,,CHEMBL4832238,9,CHEMBL4531,CHEMBL4831499,8itz,P17931
CHEMBL4864732,COC(=O)c1ccc(-n2cc(CO[C@H]3[C@@H](O)[C@@H](CO)O[C@@H](OC)[C@@H]3O)nn2)cc1,Kd,700000.0,nM,,,CHEMBL4832238,9,CHEMBL4531,CHEMBL4831499,8itz,P17931
CHEMBL4854231,Cc1ccc(S[C@@H]2O[C@H](CO)[C@H](O)[C@H](OCc3cn(-c4ccccc4C(=O)O)nn3)[C@H]2O)cc1,Kd,690000.0,nM,,,CHEMBL4832238,9,CHEMBL4531,CHEMBL4831499,8itz,P17931
CHEMBL4855310,Cc1ccc(S[C@@H]2O[C@H](CO)[C@H](O)[C@H](OCc3cn(-c4cccc(C(=O)O)c4)nn3)[C@H]2O)cc1,Kd,250000.0,nM,,,CHEMBL4832238,9,CHEMBL4531,CHEMBL4831499,8itz,P17931
CHEMBL4871558,Cc1ccc(S[C@@H]2O[C@H](CO)[C@H](O)[C@H](OCc3cn(-c4ccc(C(=O)O)cc4)nn3)[C@H]2O)cc1,Kd,230000.0,nM,,,CHEMBL4832238,9,CHEMBL4531,CHEMBL4831499,8itz,P17931
CHEMBL4868386,CO[C@@H]1O[C@H](CO)[C@H](O)[C@H](OCc2cn(-c3ccccc3C(=O)O)nn2)[C@H]1O,Kd,470000.0,nM,,,CHEMBL4832238,9,CHEMBL4531,CHEMBL4831499,8itz,P17931
CHEMBL4877004,CO[C@@H]1O[C@H](CO)[C@H](O)[C@H](OCc2cn(-c3cccc(C(=O)O)c3)nn2)[C@H]1O,Kd,500000.0,nM,,,CHEMBL4832238,9,CHEMBL4531,CHEMBL4831499,8itz,P17931
CHEMBL4850754,CO[C@@H]1O[C@H](CO)[C@H](O)[C@H](OCc2cn(-c3ccc(C(=O)O)cc3)nn2)[C@H]1O,Kd,190000.0,nM,,,CHEMBL4832238,9,CHEMBL4531,CHEMBL4831499,8itz,P17931
CHEMBL4870935,CO[C@@H]1O[C@H](CO)[C@H](O)[C@H](OCc2nc3ccccc3[nH]2)[C@H]1O,Kd,1500000.0,nM,,,CHEMBL4832238,9,CHEMBL4531,CHEMBL4831499,8itz,P17931
CHEMBL4855244,CO[C@@H]1O[C@H](CO)[C@H](O)[C@H](OCc2nc3ccccc3n2C)[C@H]1O,Kd,1600000.0,nM,,,CHEMBL4832238,9,CHEMBL4531,CHEMBL4831499,8itz,P17931
CHEMBL4857433,CO[C@@H]1O[C@H](CO)[C@H](O)[C@H](OCc2nc3ccccc3s2)[C@H]1O,Kd,510000.0,nM,,,CHEMBL4832238,9,CHEMBL4531,CHEMBL4831499,8itz,P17931
CHEMBL4876936,CO[C@@H]1O[C@H](CO)[C@H](O)[C@H](OCc2nc3ccccc3o2)[C@H]1O,Kd,620000.0,nM,,,CHEMBL4832238,9,CHEMBL4531,CHEMBL4831499,8itz,P17931
CHEMBL4846446,CCOC(=O)c1ccc2c(c1)nc(CO[C@H]1[C@@H](O)[C@@H](CO)O[C@@H](OC)[C@@H]1O)n2C,Kd,2000000.0,nM,,,CHEMBL4832238,9,CHEMBL4531,CHEMBL4831499,8itz,P17931
CHEMBL4863345,COC(=O)c1ccc2nc(CO[C@H]3[C@@H](O)[C@@H](CO)O[C@@H](OC)[C@@H]3O)[nH]c2c1,Kd,1600000.0,nM,,,CHEMBL4832238,9,CHEMBL4531,CHEMBL4831499,8itz,P17931
CHEMBL4872722,CO[C@@H]1O[C@H](CO)[C@H](O)[C@H](OCc2nc3ccc(C(=O)O)cc3n2C)[C@H]1O,Kd,1400000.0,nM,,,CHEMBL4832238,9,CHEMBL4531,CHEMBL4831499,8itz,P17931
CHEMBL4870644,CO[C@@H]1O[C@H](CO)[C@H](O)[C@H](OCc2nc3cc(C(=O)O)ccc3n2C)[C@H]1O,Kd,1100000.0,nM,,,CHEMBL4832238,9,CHEMBL4531,CHEMBL4831499,8itz,P17931
CHEMBL4876385,CO[C@@H]1O[C@H](CO)[C@H](O)[C@H](OCc2nc3ccc(C(=O)O)cc3[nH]2)[C@H]1O,Kd,590000.0,nM,,,CHEMBL4832238,9,CHEMBL4531,CHEMBL4831499,8itz,P17931
CHEMBL4858277,Cn1c(CO[C@@H]2[C@@H](O)[C@@H](Sc3ccc(Cl)c(Cl)c3)O[C@H](CO)[C@@H]2O)nc2ccc(C(=O)O)cc21,Kd,5000.0,nM,5.3,,CHEMBL4832238,9,CHEMBL4531,CHEMBL4831499,8itz,P17931
CHEMBL4872829,O=C(O)c1ccc2nc(CO[C@@H]3[C@@H](O)[C@@H](Sc4ccc(Cl)c(Cl)c4)O[C@H](CO)[C@@H]3O)[nH]c2c1,Kd,4100.0,nM,5.39,,CHEMBL4832238,9,CHEMBL4531,CHEMBL4831499,8itz,P17931
CHEMBL4854378,O=C(O)c1ccc2ccc(CO[C@@H]3[C@@H](O)[C@@H](Sc4ccc(Cl)c(Cl)c4)O[C@H](CO)[C@@H]3O)nc2c1,Kd,1200.0,nM,5.92,,CHEMBL4832252,9,CHEMBL4531,CHEMBL4831499,8itz,P17931
CHEMBL4847180,CO[C@@H]1O[C@H](CO)[C@H](O)[C@H](OCc2ccc3ccccc3n2)[C@H]1O,Kd,620000.0,nM,,,CHEMBL4832252,9,CHEMBL4531,CHEMBL4831499,8itz,P17931
CHEMBL4853061,CO[C@@H]1O[C@H](CO)[C@H](O)[C@H](OCc2ccc3ccc(C(=O)O)cc3n2)[C@H]1O,Kd,380000.0,nM,,,CHEMBL4832252,9,CHEMBL4531,CHEMBL4831499,8itz,P17931
CHEMBL5181579,OC[C@H]1O[C@H](Sc2ccc(Cl)c(Cl)c2)[C@H](O)[C@@H](n2cc(-c3cc(F)c(F)c(F)c3)nn2)[C@H]1O,Kd,37.0,nM,7.43,,CHEMBL5111945,9,CHEMBL4531,CHEMBL5108053,8itz,P17931
CHEMBL5181579,OC[C@H]1O[C@H](Sc2ccc(Cl)c(Cl)c2)[C@H](O)[C@@H](n2cc(-c3cc(F)c(F)c(F)c3)nn2)[C@H]1O,Kd,37.0,nM,7.43,,CHEMBL5111945,9,CHEMBL4531,CHEMBL5108053,8itz,P17931
CHEMBL5181579,OC[C@H]1O[C@H](Sc2ccc(Cl)c(Cl)c2)[C@H](O)[C@@H](n2cc(-c3cc(F)c(F)c(F)c3)nn2)[C@H]1O,Kd,37.0,nM,7.43,,CHEMBL5111945,9,CHEMBL4531,CHEMBL5108053,8itz,P17931
CHEMBL5193805,N#Cc1ccc(S[C@H]2O[C@H](CO)[C@H](O)[C@H](n3cc(-c4cc(F)c(F)c(F)c4)nn3)[C@H]2O)cc1Cl,Kd,48.0,nM,7.32,,CHEMBL5111945,9,CHEMBL4531,CHEMBL5108053,8itz,P17931
CHEMBL5193805,N#Cc1ccc(S[C@H]2O[C@H](CO)[C@H](O)[C@H](n3cc(-c4cc(F)c(F)c(F)c4)nn3)[C@H]2O)cc1Cl,Kd,48.0,nM,7.32,,CHEMBL5111945,9,CHEMBL4531,CHEMBL5108053,8itz,P17931
CHEMBL5182222,OC[C@H]1O[C@H](Sc2cncc(Br)c2)[C@H](O)[C@@H](n2cc(-c3cc(F)c(F)c(F)c3)nn2)[C@H]1O,Kd,25.0,nM,7.6,,CHEMBL5111945,9,CHEMBL4531,CHEMBL5108053,8itz,P17931
CHEMBL5182222,OC[C@H]1O[C@H](Sc2cncc(Br)c2)[C@H](O)[C@@H](n2cc(-c3cc(F)c(F)c(F)c3)nn2)[C@H]1O,Kd,25.0,nM,7.6,,CHEMBL5111945,9,CHEMBL4531,CHEMBL5108053,8itz,P17931
CHEMBL5182222,OC[C@H]1O[C@H](Sc2cncc(Br)c2)[C@H](O)[C@@H](n2cc(-c3cc(F)c(F)c(F)c3)nn2)[C@H]1O,Kd,25.0,nM,7.6,,CHEMBL5111945,9,CHEMBL4531,CHEMBL5108053,8itz,P17931
CHEMBL5189996,CCCCSC[C@H]1O[C@@H](S[C@@H]2O[C@H](CO)[C@H](O)[C@H](n3cc(-c4cccc(F)c4)nn3)[C@H]2O)[C@H](O)[C@@H](n2cc(-c3cccc(F)c3)nn2)[C@H]1O,Kd,56.0,nM,7.25,,CHEMBL5111946,9,CHEMBL4531,CHEMBL5108053,8itz,P17931
CHEMBL5181494,C[C@H]1O[C@@H](S[C@@H]2O[C@H](CO)[C@H](O)[C@H](n3cc(-c4cccc(F)c4)nn3)[C@H]2O)[C@H](O)[C@@H](n2cc(-c3cccc(F)c3)nn2)[C@H]1O,Kd,3.0,nM,8.52,,CHEMBL5111946,9,CHEMBL4531,CHEMBL5108053,8itz,P17931
CHEMBL5208259,COC[C@H]1O[C@@H](S[C@@H]2O[C@H](CO)[C@H](OC)[C@H](n3cc(-c4cccc(F)c4)nn3)[C@H]2OC)[C@H](OC)[C@@H](n2cc(-c3cccc(F)c3)nn2)[C@H]1OC,Kd,100000.0,nM,,,CHEMBL5111946,9,CHEMBL4531,CHEMBL5108053,8itz,P17931
CHEMBL5173943,COC[C@H]1O[C@@H](S[C@@H]2O[C@H](COC)[C@H](OC)[C@H](n3cc(-c4cccc(F)c4)nn3)[C@H]2OC)[C@H](OC)[C@@H](n2cc(-c3cccc(F)c3)nn2)[C@H]1OC,Kd,100000.0,nM,,,CHEMBL5111946,9,CHEMBL4531,CHEMBL5108053,8itz,P17931
CHEMBL5191575,CC(=O)Nc1ccc(S[C@@H]2O[C@H](CO)[C@H](O)[C@H](n3cc(-c4cc(F)c(F)c(F)c4)nn3)[C@H]2O)cc1,Kd,3200.0,nM,5.5,,CHEMBL5111946,9,CHEMBL4531,CHEMBL5108053,8itz,P17931
CHEMBL5183903,COc1cccc(S[C@@H]2O[C@H](CO)[C@H](O)[C@H](n3cc(-c4cc(F)c(F)c(F)c4)nn3)[C@H]2O)c1,Kd,1700.0,nM,5.77,,CHEMBL5111946,9,CHEMBL4531,CHEMBL5108053,8itz,P17931
CHEMBL4096039,Cc1ccc(S[C@@H]2O[C@H](CO)[C@H](O)[C@H](n3cc(-c4cc(F)c(F)c(F)c4)nn3)[C@H]2O)cc1,Kd,380.0,nM,6.42,,CHEMBL5111946,9,CHEMBL4531,CHEMBL5108053,8itz,P17931
CHEMBL4096039,Cc1ccc(S[C@@H]2O[C@H](CO)[C@H](O)[C@H](n3cc(-c4cc(F)c(F)c(F)c4)nn3)[C@H]2O)cc1,Kd,380.0,nM,6.42,,CHEMBL5111946,9,CHEMBL4531,CHEMBL5108053,8itz,P17931
CHEMBL4096039,Cc1ccc(S[C@@H]2O[C@H](CO)[C@H](O)[C@H](n3cc(-c4cc(F)c(F)c(F)c4)nn3)[C@H]2O)cc1,Kd,380.0,nM,6.42,,CHEMBL5111946,9,CHEMBL4531,CHEMBL5108053,8itz,P17931
CHEMBL5183295,CC(=O)Nc1ccc(S[C@H]2O[C@H](CO)[C@H](O)[C@H](n3cc(-c4cc(F)c(F)c(F)c4)nn3)[C@H]2O)cc1,Kd,37.0,nM,7.43,,CHEMBL5111946,9,CHEMBL4531,CHEMBL5108053,8itz,P17931
CHEMBL5181579,OC[C@H]1O[C@H](Sc2ccc(Cl)c(Cl)c2)[C@H](O)[C@@H](n2cc(-c3cc(F)c(F)c(F)c3)nn2)[C@H]1O,Kd,47.0,nM,7.33,,CHEMBL5111946,9,CHEMBL4531,CHEMBL5108053,8itz,P17931
CHEMBL5181579,OC[C@H]1O[C@H](Sc2ccc(Cl)c(Cl)c2)[C@H](O)[C@@H](n2cc(-c3cc(F)c(F)c(F)c3)nn2)[C@H]1O,Kd,47.0,nM,7.33,,CHEMBL5111946,9,CHEMBL4531,CHEMBL5108053,8itz,P17931
CHEMBL5181579,OC[C@H]1O[C@H](Sc2ccc(Cl)c(Cl)c2)[C@H](O)[C@@H](n2cc(-c3cc(F)c(F)c(F)c3)nn2)[C@H]1O,Kd,47.0,nM,7.33,,CHEMBL5111946,9,CHEMBL4531,CHEMBL5108053,8itz,P17931
CHEMBL5193805,N#Cc1ccc(S[C@H]2O[C@H](CO)[C@H](O)[C@H](n3cc(-c4cc(F)c(F)c(F)c4)nn3)[C@H]2O)cc1Cl,Kd,25.0,nM,7.6,,CHEMBL5111946,9,CHEMBL4531,CHEMBL5108053,8itz,P17931
CHEMBL5193805,N#Cc1ccc(S[C@H]2O[C@H](CO)[C@H](O)[C@H](n3cc(-c4cc(F)c(F)c(F)c4)nn3)[C@H]2O)cc1Cl,Kd,25.0,nM,7.6,,CHEMBL5111946,9,CHEMBL4531,CHEMBL5108053,8itz,P17931
CHEMBL5182222,OC[C@H]1O[C@H](Sc2cncc(Br)c2)[C@H](O)[C@@H](n2cc(-c3cc(F)c(F)c(F)c3)nn2)[C@H]1O,Kd,25.0,nM,7.6,,CHEMBL5111946,9,CHEMBL4531,CHEMBL5108053,8itz,P17931
CHEMBL5182222,OC[C@H]1O[C@H](Sc2cncc(Br)c2)[C@H](O)[C@@H](n2cc(-c3cc(F)c(F)c(F)c3)nn2)[C@H]1O,Kd,25.0,nM,7.6,,CHEMBL5111946,9,CHEMBL4531,CHEMBL5108053,8itz,P17931
CHEMBL5182222,OC[C@H]1O[C@H](Sc2cncc(Br)c2)[C@H](O)[C@@H](n2cc(-c3cc(F)c(F)c(F)c3)nn2)[C@H]1O,Kd,25.0,nM,7.6,,CHEMBL5111946,9,CHEMBL4531,CHEMBL5108053,8itz,P17931
CHEMBL4096039,Cc1ccc(S[C@@H]2O[C@H](CO)[C@H](O)[C@H](n3cc(-c4cc(F)c(F)c(F)c4)nn3)[C@H]2O)cc1,Kd,5200.0,nM,5.28,,CHEMBL5111946,9,CHEMBL4531,CHEMBL5108053,8itz,P17931
CHEMBL4096039,Cc1ccc(S[C@@H]2O[C@H](CO)[C@H](O)[C@H](n3cc(-c4cc(F)c(F)c(F)c4)nn3)[C@H]2O)cc1,Kd,5200.0,nM,5.28,,CHEMBL5111946,9,CHEMBL4531,CHEMBL5108053,8itz,P17931
CHEMBL4096039,Cc1ccc(S[C@@H]2O[C@H](CO)[C@H](O)[C@H](n3cc(-c4cc(F)c(F)c(F)c4)nn3)[C@H]2O)cc1,Kd,5200.0,nM,5.28,,CHEMBL5111946,9,CHEMBL4531,CHEMBL5108053,8itz,P17931
CHEMBL5175908,CO[C@@H]1O[C@H](CO)[C@H](O)[C@H](OC(=O)c2ccc(C)cc2)[C@@H]1OC(=O)c1ccccc1[N+](=O)[O-],Kd,8000.0,nM,5.1,,CHEMBL5164885,9,CHEMBL4531,CHEMBL5154868,8itz,P17931
CHEMBL5195652,CO[C@@H]1O[C@H](CO)[C@H](O)[C@H](OC(=O)c2ccc(C)cc2)[C@@H]1OC(=O)c1ccc(Cl)cc1[N+](=O)[O-],Kd,5300.0,nM,5.28,,CHEMBL5164885,9,CHEMBL4531,CHEMBL5154868,8itz,P17931
CHEMBL5189715,CO[C@@H]1O[C@H](CO)[C@H](O)[C@H](OC(=O)c2ccc(C)cc2)[C@@H]1OC(=O)c1ccc(F)cc1[N+](=O)[O-],Kd,8100.0,nM,5.09,,CHEMBL5164885,9,CHEMBL4531,CHEMBL5154868,8itz,P17931
CHEMBL5193025,CO[C@@H]1O[C@H](CO)[C@H](O)[C@H](OC(=O)c2ccc(C)cc2)[C@@H]1OC(=O)c1ccc(C(F)(F)F)cc1[N+](=O)[O-],Kd,22000.0,nM,4.66,,CHEMBL5164885,9,CHEMBL4531,CHEMBL5154868,8itz,P17931
CHEMBL5202629,CO[C@@H]1O[C@H](CO)[C@H](O)[C@H](OC(=O)c2ccc(C)cc2)[C@@H]1OC(=O)c1cccc([N+](=O)[O-])c1,Kd,130000.0,nM,,,CHEMBL5164885,9,CHEMBL4531,CHEMBL5154868,8itz,P17931
CHEMBL471376,CO[C@@H]1O[C@H](CO)[C@H](O)[C@H](OC(=O)c2ccc(C)cc2)[C@@H]1OC(C)=O,Kd,420000.0,nM,,,CHEMBL5164885,9,CHEMBL4531,CHEMBL5154868,8itz,P17931
CHEMBL471376,CO[C@@H]1O[C@H](CO)[C@H](O)[C@H](OC(=O)c2ccc(C)cc2)[C@@H]1OC(C)=O,Kd,420000.0,nM,,,CHEMBL5164885,9,CHEMBL4531,CHEMBL5154868,8itz,P17931
CHEMBL52011,OC[C@H]1O[C@@H](S[C@@H]2O[C@H](CO)[C@H](O)[C@H](O)[C@H]2O)[C@H](O)[C@@H](O)[C@H]1O,Kd,49000.0,nM,4.31,,CHEMBL5164902,9,CHEMBL4531,CHEMBL5154868,8itz,P17931
CHEMBL52011,OC[C@H]1O[C@@H](S[C@@H]2O[C@H](CO)[C@H](O)[C@H](O)[C@H]2O)[C@H](O)[C@@H](O)[C@H]1O,Kd,49000.0,nM,4.31,,CHEMBL5164902,9,CHEMBL4531,CHEMBL5154868,8itz,P17931
CHEMBL52011,OC[C@H]1O[C@@H](S[C@@H]2O[C@H](CO)[C@H](O)[C@H](O)[C@H]2O)[C@H](O)[C@@H](O)[C@H]1O,Kd,49000.0,nM,4.31,,CHEMBL5164902,9,CHEMBL4531,CHEMBL5154868,8itz,P17931
CHEMBL52011,OC[C@H]1O[C@@H](S[C@@H]2O[C@H](CO)[C@H](O)[C@H](O)[C@H]2O)[C@H](O)[C@@H](O)[C@H]1O,Kd,49000.0,nM,4.31,,CHEMBL5164902,9,CHEMBL4531,CHEMBL5154868,8itz,P17931
CHEMBL52011,OC[C@H]1O[C@@H](S[C@@H]2O[C@H](CO)[C@H](O)[C@H](O)[C@H]2O)[C@H](O)[C@@H](O)[C@H]1O,Kd,49000.0,nM,4.31,,CHEMBL5164902,9,CHEMBL4531,CHEMBL5154868,8itz,P17931
CHEMBL52011,OC[C@H]1O[C@@H](S[C@@H]2O[C@H](CO)[C@H](O)[C@H](O)[C@H]2O)[C@H](O)[C@@H](O)[C@H]1O,Kd,49000.0,nM,4.31,,CHEMBL5164902,9,CHEMBL4531,CHEMBL5154868,8itz,P17931
CHEMBL52011,OC[C@H]1O[C@@H](S[C@@H]2O[C@H](CO)[C@H](O)[C@H](O)[C@H]2O)[C@H](O)[C@@H](O)[C@H]1O,Kd,49000.0,nM,4.31,,CHEMBL5164902,9,CHEMBL4531,CHEMBL5154868,8itz,P17931
CHEMBL4297442,OC[C@H]1O[C@@H](S[C@@H]2O[C@H](CO)[C@H](O)[C@H](n3cc(-c4cccc(F)c4)nn3)[C@H]2O)[C@H](O)[C@@H](n2cc(-c3cccc(F)c3)nn2)[C@H]1O,Kd,2.2,nM,8.66,,CHEMBL5337699,9,CHEMBL4531,CHEMBL5335822,8itz,P17931
CHEMBL4297442,OC[C@H]1O[C@@H](S[C@@H]2O[C@H](CO)[C@H](O)[C@H](n3cc(-c4cccc(F)c4)nn3)[C@H]2O)[C@H](O)[C@@H](n2cc(-c3cccc(F)c3)nn2)[C@H]1O,Kd,2.2,nM,8.66,,CHEMBL5337699,9,CHEMBL4531,CHEMBL5335822,8itz,P17931
CHEMBL4297442,OC[C@H]1O[C@@H](S[C@@H]2O[C@H](CO)[C@H](O)[C@H](n3cc(-c4cccc(F)c4)nn3)[C@H]2O)[C@H](O)[C@@H](n2cc(-c3cccc(F)c3)nn2)[C@H]1O,Kd,2.2,nM,8.66,,CHEMBL5337699,9,CHEMBL4531,CHEMBL5335822,8itz,P17931
CHEMBL4297442,OC[C@H]1O[C@@H](S[C@@H]2O[C@H](CO)[C@H](O)[C@H](n3cc(-c4cccc(F)c4)nn3)[C@H]2O)[C@H](O)[C@@H](n2cc(-c3cccc(F)c3)nn2)[C@H]1O,Kd,2.2,nM,8.66,,CHEMBL5337699,9,CHEMBL4531,CHEMBL5335822,8itz,P17931
CHEMBL4297442,OC[C@H]1O[C@@H](S[C@@H]2O[C@H](CO)[C@H](O)[C@H](n3cc(-c4cccc(F)c4)nn3)[C@H]2O)[C@H](O)[C@@H](n2cc(-c3cccc(F)c3)nn2)[C@H]1O,Kd,2.2,nM,8.66,,CHEMBL5337699,9,CHEMBL4531,CHEMBL5335822,8itz,P17931
CHEMBL4297442,OC[C@H]1O[C@@H](S[C@@H]2O[C@H](CO)[C@H](O)[C@H](n3cc(-c4cccc(F)c4)nn3)[C@H]2O)[C@H](O)[C@@H](n2cc(-c3cccc(F)c3)nn2)[C@H]1O,Kd,2.2,nM,8.66,,CHEMBL5337699,9,CHEMBL4531,CHEMBL5335822,8itz,P17931
CHEMBL5181579,OC[C@H]1O[C@H](Sc2ccc(Cl)c(Cl)c2)[C@H](O)[C@@H](n2cc(-c3cc(F)c(F)c(F)c3)nn2)[C@H]1O,Kd,34.0,nM,7.47,,CHEMBL5357991,9,CHEMBL4531,CHEMBL5356960,8itz,P17931
CHEMBL5181579,OC[C@H]1O[C@H](Sc2ccc(Cl)c(Cl)c2)[C@H](O)[C@@H](n2cc(-c3cc(F)c(F)c(F)c3)nn2)[C@H]1O,Kd,34.0,nM,7.47,,CHEMBL5357991,9,CHEMBL4531,CHEMBL5356960,8itz,P17931
CHEMBL5181579,OC[C@H]1O[C@H](Sc2ccc(Cl)c(Cl)c2)[C@H](O)[C@@H](n2cc(-c3cc(F)c(F)c(F)c3)nn2)[C@H]1O,Kd,34.0,nM,7.47,,CHEMBL5357991,9,CHEMBL4531,CHEMBL5356960,8itz,P17931
CHEMBL5394590,OC[C@H]1O[C@H](Sc2ccc(Cl)c(Cl)c2)[C@H](O)[C@@H](n2cc(-c3ccsc3)nn2)[C@H]1O,Kd,2100.0,nM,5.68,,CHEMBL5357991,9,CHEMBL4531,CHEMBL5356960,8itz,P17931
CHEMBL5404002,OC[C@H]1O[C@H](Sc2cc(Cl)c(F)c(Cl)c2)[C@H](O)[C@@H](n2cc(-c3cccs3)nn2)[C@H]1O,Kd,1500.0,nM,5.82,,CHEMBL5357991,9,CHEMBL4531,CHEMBL5356960,8itz,P17931
CHEMBL5410900,OC[C@H]1O[C@H](Sc2ccc(Cl)c(Cl)c2)[C@H](O)[C@@H](n2cc(-c3cscn3)nn2)[C@H]1O,Kd,8000.0,nM,5.1,,CHEMBL5357991,9,CHEMBL4531,CHEMBL5356960,8itz,P17931
CHEMBL5397170,OC[C@H]1O[C@H](Sc2cc(Cl)c(F)c(Cl)c2)[C@H](O)[C@@H](n2cc(-c3cscn3)nn2)[C@H]1O,Kd,2900.0,nM,5.54,,CHEMBL5357991,9,CHEMBL4531,CHEMBL5356960,8itz,P17931
CHEMBL5416485,OC[C@H]1O[C@H](Sc2cc(Cl)c(F)c(Cl)c2)[C@H](O)[C@@H](n2cc(-c3nccs3)nn2)[C@H]1O,Kd,2700.0,nM,5.57,,CHEMBL5357991,9,CHEMBL4531,CHEMBL5356960,8itz,P17931
CHEMBL5416485,OC[C@H]1O[C@H](Sc2cc(Cl)c(F)c(Cl)c2)[C@H](O)[C@@H](n2cc(-c3nccs3)nn2)[C@H]1O,Kd,2700.0,nM,5.57,,CHEMBL5357991,9,CHEMBL4531,CHEMBL5356960,8itz,P17931
CHEMBL5411478,OC[C@H]1O[C@H](Sc2cc(Cl)c(F)c(Cl)c2)[C@H](O)[C@@H](n2cc(-c3cncs3)nn2)[C@H]1O,Kd,3000.0,nM,5.52,,CHEMBL5357991,9,CHEMBL4531,CHEMBL5356960,8itz,P17931
CHEMBL5399144,OC[C@H]1O[C@H](Sc2ccc(Cl)c(Cl)c2)[C@H](O)[C@@H](n2cc(-c3nncs3)nn2)[C@H]1O,Kd,1300.0,nM,5.89,,CHEMBL5357991,9,CHEMBL4531,CHEMBL5356960,8itz,P17931
CHEMBL5397280,OC[C@H]1O[C@H](Sc2ccc(Cl)c(Cl)c2)[C@H](O)[C@@H](n2cc(-c3ncsn3)nn2)[C@H]1O,Kd,3400.0,nM,5.47,,CHEMBL5357991,9,CHEMBL4531,CHEMBL5356960,8itz,P17931
CHEMBL5395001,OC[C@H]1O[C@H](Sc2ccc(Cl)c(Cl)c2)[C@H](O)[C@@H](n2cc(-c3ncco3)nn2)[C@H]1O,Kd,11000.0,nM,4.96,,CHEMBL5357991,9,CHEMBL4531,CHEMBL5356960,8itz,P17931
CHEMBL5432913,OC[C@H]1O[C@H](Sc2ccc(Cl)c(Cl)c2)[C@H](O)[C@@H](n2cc(-c3ncc[nH]3)nn2)[C@H]1O,Kd,2100.0,nM,5.68,,CHEMBL5357991,9,CHEMBL4531,CHEMBL5356960,8itz,P17931
CHEMBL5182222,OC[C@H]1O[C@H](Sc2cncc(Br)c2)[C@H](O)[C@@H](n2cc(-c3cc(F)c(F)c(F)c3)nn2)[C@H]1O,Kd,25.0,nM,7.6,,CHEMBL5357991,9,CHEMBL4531,CHEMBL5356960,8itz,P17931
CHEMBL5182222,OC[C@H]1O[C@H](Sc2cncc(Br)c2)[C@H](O)[C@@H](n2cc(-c3cc(F)c(F)c(F)c3)nn2)[C@H]1O,Kd,25.0,nM,7.6,,CHEMBL5357991,9,CHEMBL4531,CHEMBL5356960,8itz,P17931
CHEMBL5182222,OC[C@H]1O[C@H](Sc2cncc(Br)c2)[C@H](O)[C@@H](n2cc(-c3cc(F)c(F)c(F)c3)nn2)[C@H]1O,Kd,25.0,nM,7.6,,CHEMBL5357991,9,CHEMBL4531,CHEMBL5356960,8itz,P17931
CHEMBL5403290,OC[C@H]1O[C@H](Sc2cncc(Br)c2)[C@H](O)[C@@H](n2cc(-c3ccsc3)nn2)[C@H]1O,Kd,1700.0,nM,5.77,,CHEMBL5357991,9,CHEMBL4531,CHEMBL5356960,8itz,P17931
CHEMBL5416485,OC[C@H]1O[C@H](Sc2cc(Cl)c(F)c(Cl)c2)[C@H](O)[C@@H](n2cc(-c3nccs3)nn2)[C@H]1O,Kd,62600.0,nM,4.2,,CHEMBL5358018,9,CHEMBL4531,CHEMBL5356960,8itz,P17931
CHEMBL5416485,OC[C@H]1O[C@H](Sc2cc(Cl)c(F)c(Cl)c2)[C@H](O)[C@@H](n2cc(-c3nccs3)nn2)[C@H]1O,Kd,62600.0,nM,4.2,,CHEMBL5358018,9,CHEMBL4531,CHEMBL5356960,8itz,P17931
CHEMBL4297442,OC[C@H]1O[C@@H](S[C@@H]2O[C@H](CO)[C@H](O)[C@H](n3cc(-c4cccc(F)c4)nn3)[C@H]2O)[C@H](O)[C@@H](n2cc(-c3cccc(F)c3)nn2)[C@H]1O,Kd,2.3,nM,8.64,,CHEMBL5358038,9,CHEMBL4531,CHEMBL5356960,8itz,P17931
CHEMBL4297442,OC[C@H]1O[C@@H](S[C@@H]2O[C@H](CO)[C@H](O)[C@H](n3cc(-c4cccc(F)c4)nn3)[C@H]2O)[C@H](O)[C@@H](n2cc(-c3cccc(F)c3)nn2)[C@H]1O,Kd,2.3,nM,8.64,,CHEMBL5358038,9,CHEMBL4531,CHEMBL5356960,8itz,P17931
CHEMBL4297442,OC[C@H]1O[C@@H](S[C@@H]2O[C@H](CO)[C@H](O)[C@H](n3cc(-c4cccc(F)c4)nn3)[C@H]2O)[C@H](O)[C@@H](n2cc(-c3cccc(F)c3)nn2)[C@H]1O,Kd,2.3,nM,8.64,,CHEMBL5358038,9,CHEMBL4531,CHEMBL5356960,8itz,P17931
CHEMBL4297442,OC[C@H]1O[C@@H](S[C@@H]2O[C@H](CO)[C@H](O)[C@H](n3cc(-c4cccc(F)c4)nn3)[C@H]2O)[C@H](O)[C@@H](n2cc(-c3cccc(F)c3)nn2)[C@H]1O,Kd,2.3,nM,8.64,,CHEMBL5358038,9,CHEMBL4531,CHEMBL5356960,8itz,P17931
CHEMBL4297442,OC[C@H]1O[C@@H](S[C@@H]2O[C@H](CO)[C@H](O)[C@H](n3cc(-c4cccc(F)c4)nn3)[C@H]2O)[C@H](O)[C@@H](n2cc(-c3cccc(F)c3)nn2)[C@H]1O,Kd,2.3,nM,8.64,,CHEMBL5358038,9,CHEMBL4531,CHEMBL5356960,8itz,P17931
CHEMBL4297442,OC[C@H]1O[C@@H](S[C@@H]2O[C@H](CO)[C@H](O)[C@H](n3cc(-c4cccc(F)c4)nn3)[C@H]2O)[C@H](O)[C@@H](n2cc(-c3cccc(F)c3)nn2)[C@H]1O,Kd,2.3,nM,8.64,,CHEMBL5358038,9,CHEMBL4531,CHEMBL5356960,8itz,P17931
CHEMBL5417808,OC[C@H]1O[C@@H](S[C@@H]2O[C@H](CO)[C@H](O)[C@H](n3cc(-c4ccsc4)nn3)[C@H]2O)[C@H](O)[C@@H](n2cc(-c3ccsc3)nn2)[C@H]1O,Kd,65.0,nM,7.19,,CHEMBL5358038,9,CHEMBL4531,CHEMBL5356960,8itz,P17931
CHEMBL5395109,OC[C@H]1O[C@@H](S[C@H]2CO[C@H](CO)[C@H](O)[C@@H]2O)[C@H](O)[C@@H](O)[C@H]1O,Kd,930000.0,nM,,,CHEMBL5367129,9,CHEMBL4531,CHEMBL5365454,8itz,P17931
CHEMBL5395109,OC[C@H]1O[C@@H](S[C@H]2CO[C@H](CO)[C@H](O)[C@@H]2O)[C@H](O)[C@@H](O)[C@H]1O,Kd,930000.0,nM,,,CHEMBL5367129,9,CHEMBL4531,CHEMBL5365454,8itz,P17931
CHEMBL5440430,OC[C@H]1O[C@@H](S[C@@H]2CO[C@H](CO)[C@H](O)[C@@H]2O)[C@H](O)[C@@H](O)[C@H]1O,Kd,35000.0,nM,4.46,,CHEMBL5367129,9,CHEMBL4531,CHEMBL5365454,8itz,P17931
CHEMBL5440430,OC[C@H]1O[C@@H](S[C@@H]2CO[C@H](CO)[C@H](O)[C@@H]2O)[C@H](O)[C@@H](O)[C@H]1O,Kd,35000.0,nM,4.46,,CHEMBL5367129,9,CHEMBL4531,CHEMBL5365454,8itz,P17931
CHEMBL5398490,NC(=O)[C@@H]1O[C@H](CO)[C@H](O)[C@H](O)[C@@H]1S[C@@H]1O[C@H](CO)[C@@H](O)[C@H](O)[C@H]1O,Kd,4000000.0,nM,,,CHEMBL5367129,9,CHEMBL4531,CHEMBL5365454,8itz,P17931
CHEMBL5398490,NC(=O)[C@@H]1O[C@H](CO)[C@H](O)[C@H](O)[C@@H]1S[C@@H]1O[C@H](CO)[C@@H](O)[C@H](O)[C@H]1O,Kd,4000000.0,nM,,,CHEMBL5367129,9,CHEMBL4531,CHEMBL5365454,8itz,P17931
CHEMBL5415297,NC(=O)[C@@H]1O[C@H](CO)[C@@H](O)[C@H](O)[C@@H]1S[C@@H]1O[C@H](CO)[C@H](O)[C@H](O)[C@H]1O,Kd,13000.0,nM,4.89,,CHEMBL5367129,9,CHEMBL4531,CHEMBL5365454,8itz,P17931
CHEMBL5415297,NC(=O)[C@@H]1O[C@H](CO)[C@@H](O)[C@H](O)[C@@H]1S[C@@H]1O[C@H](CO)[C@H](O)[C@H](O)[C@H]1O,Kd,13000.0,nM,4.89,,CHEMBL5367129,9,CHEMBL4531,CHEMBL5365454,8itz,P17931
CHEMBL5430941,NC(=O)[C@@H]1O[C@H](CO)[C@H](O)[C@H](O)[C@@H]1S[C@@H]1O[C@H](CO)[C@H](O)[C@H](O)[C@H]1O,Kd,8000.0,nM,5.1,,CHEMBL5367129,9,CHEMBL4531,CHEMBL5365454,8itz,P17931
CHEMBL5430941,NC(=O)[C@@H]1O[C@H](CO)[C@H](O)[C@H](O)[C@@H]1S[C@@H]1O[C@H](CO)[C@H](O)[C@H](O)[C@H]1O,Kd,8000.0,nM,5.1,,CHEMBL5367129,9,CHEMBL4531,CHEMBL5365454,8itz,P17931
CHEMBL5400634,COC(=O)[C@@H]1O[C@H](CO)[C@H](O)[C@H](O)[C@@H]1S[C@@H]1O[C@H](CO)[C@H](O)[C@H](O)[C@H]1O,Kd,15600.0,nM,4.81,,CHEMBL5367129,9,CHEMBL4531,CHEMBL5365454,8itz,P17931
CHEMBL5400634,COC(=O)[C@@H]1O[C@H](CO)[C@H](O)[C@H](O)[C@@H]1S[C@@H]1O[C@H](CO)[C@H](O)[C@H](O)[C@H]1O,Kd,15600.0,nM,4.81,,CHEMBL5367129,9,CHEMBL4531,CHEMBL5365454,8itz,P17931
CHEMBL52011,OC[C@H]1O[C@@H](S[C@@H]2O[C@H](CO)[C@H](O)[C@H](O)[C@H]2O)[C@H](O)[C@@H](O)[C@H]1O,Kd,49000.0,nM,4.31,,CHEMBL5367130,9,CHEMBL4531,CHEMBL5365454,8itz,P17931
CHEMBL52011,OC[C@H]1O[C@@H](S[C@@H]2O[C@H](CO)[C@H](O)[C@H](O)[C@H]2O)[C@H](O)[C@@H](O)[C@H]1O,Kd,49000.0,nM,4.31,,CHEMBL5367130,9,CHEMBL4531,CHEMBL5365454,8itz,P17931
CHEMBL52011,OC[C@H]1O[C@@H](S[C@@H]2O[C@H](CO)[C@H](O)[C@H](O)[C@H]2O)[C@H](O)[C@@H](O)[C@H]1O,Kd,49000.0,nM,4.31,,CHEMBL5367130,9,CHEMBL4531,CHEMBL5365454,8itz,P17931
CHEMBL52011,OC[C@H]1O[C@@H](S[C@@H]2O[C@H](CO)[C@H](O)[C@H](O)[C@H]2O)[C@H](O)[C@@H](O)[C@H]1O,Kd,49000.0,nM,4.31,,CHEMBL5367130,9,CHEMBL4531,CHEMBL5365454,8itz,P17931
CHEMBL52011,OC[C@H]1O[C@@H](S[C@@H]2O[C@H](CO)[C@H](O)[C@H](O)[C@H]2O)[C@H](O)[C@@H](O)[C@H]1O,Kd,49000.0,nM,4.31,,CHEMBL5367130,9,CHEMBL4531,CHEMBL5365454,8itz,P17931
CHEMBL52011,OC[C@H]1O[C@@H](S[C@@H]2O[C@H](CO)[C@H](O)[C@H](O)[C@H]2O)[C@H](O)[C@@H](O)[C@H]1O,Kd,49000.0,nM,4.31,,CHEMBL5367130,9,CHEMBL4531,CHEMBL5365454,8itz,P17931
CHEMBL52011,OC[C@H]1O[C@@H](S[C@@H]2O[C@H](CO)[C@H](O)[C@H](O)[C@H]2O)[C@H](O)[C@@H](O)[C@H]1O,Kd,49000.0,nM,4.31,,CHEMBL5367130,9,CHEMBL4531,CHEMBL5365454,8itz,P17931
CHEMBL5314358,,Kd,93000.0,nM,4.03,,CHEMBL5367131,9,CHEMBL4531,CHEMBL5365454,8itz,P17931
CHEMBL5314358,,Kd,93000.0,nM,4.03,,CHEMBL5367131,9,CHEMBL4531,CHEMBL5365454,8itz,P17931
CHEMBL5314358,,Kd,93000.0,nM,4.03,,CHEMBL5367131,9,CHEMBL4531,CHEMBL5365454,8itz,P17931
CHEMBL5314358,,Kd,93000.0,nM,4.03,,CHEMBL5367131,9,CHEMBL4531,CHEMBL5365454,8itz,P17931
CHEMBL5314358,,Kd,93000.0,nM,4.03,,CHEMBL5367131,9,CHEMBL4531,CHEMBL5365454,8itz,P17931
CHEMBL5314358,,Kd,93000.0,nM,4.03,,CHEMBL5367131,9,CHEMBL4531,CHEMBL5365454,8itz,P17931
CHEMBL5314358,,Kd,93000.0,nM,4.03,,CHEMBL5367131,9,CHEMBL4531,CHEMBL5365454,8itz,P17931
CHEMBL5314358,,Kd,93000.0,nM,4.03,,CHEMBL5367131,9,CHEMBL4531,CHEMBL5365454,8itz,P17931
CHEMBL5314358,,Kd,43100.0,nM,4.37,,CHEMBL5367132,9,CHEMBL4531,CHEMBL5365454,8itz,P17931
CHEMBL5314358,,Kd,43100.0,nM,4.37,,CHEMBL5367132,9,CHEMBL4531,CHEMBL5365454,8itz,P17931
CHEMBL5314358,,Kd,43100.0,nM,4.37,,CHEMBL5367132,9,CHEMBL4531,CHEMBL5365454,8itz,P17931
CHEMBL5314358,,Kd,43100.0,nM,4.37,,CHEMBL5367132,9,CHEMBL4531,CHEMBL5365454,8itz,P17931
CHEMBL5314358,,Kd,43100.0,nM,4.37,,CHEMBL5367132,9,CHEMBL4531,CHEMBL5365454,8itz,P17931
CHEMBL5314358,,Kd,43100.0,nM,4.37,,CHEMBL5367132,9,CHEMBL4531,CHEMBL5365454,8itz,P17931
CHEMBL5314358,,Kd,43100.0,nM,4.37,,CHEMBL5367132,9,CHEMBL4531,CHEMBL5365454,8itz,P17931
CHEMBL5314358,,Kd,43100.0,nM,4.37,,CHEMBL5367132,9,CHEMBL4531,CHEMBL5365454,8itz,P17931
CHEMBL52011,OC[C@H]1O[C@@H](S[C@@H]2O[C@H](CO)[C@H](O)[C@H](O)[C@H]2O)[C@H](O)[C@@H](O)[C@H]1O,Kd,44200.0,nM,4.36,,CHEMBL5367132,9,CHEMBL4531,CHEMBL5365454,8itz,P17931
CHEMBL52011,OC[C@H]1O[C@@H](S[C@@H]2O[C@H](CO)[C@H](O)[C@H](O)[C@H]2O)[C@H](O)[C@@H](O)[C@H]1O,Kd,44200.0,nM,4.36,,CHEMBL5367132,9,CHEMBL4531,CHEMBL5365454,8itz,P17931
CHEMBL52011,OC[C@H]1O[C@@H](S[C@@H]2O[C@H](CO)[C@H](O)[C@H](O)[C@H]2O)[C@H](O)[C@@H](O)[C@H]1O,Kd,44200.0,nM,4.36,,CHEMBL5367132,9,CHEMBL4531,CHEMBL5365454,8itz,P17931
CHEMBL52011,OC[C@H]1O[C@@H](S[C@@H]2O[C@H](CO)[C@H](O)[C@H](O)[C@H]2O)[C@H](O)[C@@H](O)[C@H]1O,Kd,44200.0,nM,4.36,,CHEMBL5367132,9,CHEMBL4531,CHEMBL5365454,8itz,P17931
CHEMBL52011,OC[C@H]1O[C@@H](S[C@@H]2O[C@H](CO)[C@H](O)[C@H](O)[C@H]2O)[C@H](O)[C@@H](O)[C@H]1O,Kd,44200.0,nM,4.36,,CHEMBL5367132,9,CHEMBL4531,CHEMBL5365454,8itz,P17931
CHEMBL52011,OC[C@H]1O[C@@H](S[C@@H]2O[C@H](CO)[C@H](O)[C@H](O)[C@H]2O)[C@H](O)[C@@H](O)[C@H]1O,Kd,44200.0,nM,4.36,,CHEMBL5367132,9,CHEMBL4531,CHEMBL5365454,8itz,P17931
CHEMBL52011,OC[C@H]1O[C@@H](S[C@@H]2O[C@H](CO)[C@H](O)[C@H](O)[C@H]2O)[C@H](O)[C@@H](O)[C@H]1O,Kd,44200.0,nM,4.36,,CHEMBL5367132,9,CHEMBL4531,CHEMBL5365454,8itz,P17931
CHEMBL5400634,COC(=O)[C@@H]1O[C@H](CO)[C@H](O)[C@H](O)[C@@H]1S[C@@H]1O[C@H](CO)[C@H](O)[C@H](O)[C@H]1O,Kd,18400.0,nM,4.74,,CHEMBL5367132,9,CHEMBL4531,CHEMBL5365454,8itz,P17931
CHEMBL5400634,COC(=O)[C@@H]1O[C@H](CO)[C@H](O)[C@H](O)[C@@H]1S[C@@H]1O[C@H](CO)[C@H](O)[C@H](O)[C@H]1O,Kd,18400.0,nM,4.74,,CHEMBL5367132,9,CHEMBL4531,CHEMBL5365454,8itz,P17931
CHEMBL5430941,NC(=O)[C@@H]1O[C@H](CO)[C@H](O)[C@H](O)[C@@H]1S[C@@H]1O[C@H](CO)[C@H](O)[C@H](O)[C@H]1O,Kd,8900.0,nM,5.05,,CHEMBL5367132,9,CHEMBL4531,CHEMBL5365454,8itz,P17931
CHEMBL5430941,NC(=O)[C@@H]1O[C@H](CO)[C@H](O)[C@H](O)[C@@H]1S[C@@H]1O[C@H](CO)[C@H](O)[C@H](O)[C@H]1O,Kd,8900.0,nM,5.05,,CHEMBL5367132,9,CHEMBL4531,CHEMBL5365454,8itz,P17931
CHEMBL5415297,NC(=O)[C@@H]1O[C@H](CO)[C@@H](O)[C@H](O)[C@@H]1S[C@@H]1O[C@H](CO)[C@H](O)[C@H](O)[C@H]1O,Kd,14300.0,nM,4.84,,CHEMBL5367132,9,CHEMBL4531,CHEMBL5365454,8itz,P17931
CHEMBL5415297,NC(=O)[C@@H]1O[C@H](CO)[C@@H](O)[C@H](O)[C@@H]1S[C@@H]1O[C@H](CO)[C@H](O)[C@H](O)[C@H]1O,Kd,14300.0,nM,4.84,,CHEMBL5367132,9,CHEMBL4531,CHEMBL5365454,8itz,P17931
CHEMBL5398490,NC(=O)[C@@H]1O[C@H](CO)[C@H](O)[C@H](O)[C@@H]1S[C@@H]1O[C@H](CO)[C@@H](O)[C@H](O)[C@H]1O,Kd,,,,Not Determined,CHEMBL5367132,9,CHEMBL4531,CHEMBL5365454,8itz,P17931
CHEMBL5398490,NC(=O)[C@@H]1O[C@H](CO)[C@H](O)[C@H](O)[C@@H]1S[C@@H]1O[C@H](CO)[C@@H](O)[C@H](O)[C@H]1O,Kd,,,,Not Determined,CHEMBL5367132,9,CHEMBL4531,CHEMBL5365454,8itz,P17931
CHEMBL5440430,OC[C@H]1O[C@@H](S[C@@H]2CO[C@H](CO)[C@H](O)[C@@H]2O)[C@H](O)[C@@H](O)[C@H]1O,Kd,21300.0,nM,4.67,,CHEMBL5367132,9,CHEMBL4531,CHEMBL5365454,8itz,P17931
CHEMBL5440430,OC[C@H]1O[C@@H](S[C@@H]2CO[C@H](CO)[C@H](O)[C@@H]2O)[C@H](O)[C@@H](O)[C@H]1O,Kd,21300.0,nM,4.67,,CHEMBL5367132,9,CHEMBL4531,CHEMBL5365454,8itz,P17931
CHEMBL5395109,OC[C@H]1O[C@@H](S[C@H]2CO[C@H](CO)[C@H](O)[C@@H]2O)[C@H](O)[C@@H](O)[C@H]1O,Kd,,,,Not Determined,CHEMBL5367132,9,CHEMBL4531,CHEMBL5365454,8itz,P17931
CHEMBL5395109,OC[C@H]1O[C@@H](S[C@H]2CO[C@H](CO)[C@H](O)[C@@H]2O)[C@H](O)[C@@H](O)[C@H]1O,Kd,,,,Not Determined,CHEMBL5367132,9,CHEMBL4531,CHEMBL5365454,8itz,P17931
CHEMBL4099402,Cc1ccc(S[C@@H]2O[C@H](CO)[C@H](O)[C@H](n3cc(-c4ccccc4)nn3)[C@H]2O)cc1,Kd,88000.0,nM,4.06,,CHEMBL5374789,9,CHEMBL4531,CHEMBL5370652,8itz,P17931
CHEMBL4099402,Cc1ccc(S[C@@H]2O[C@H](CO)[C@H](O)[C@H](n3cc(-c4ccccc4)nn3)[C@H]2O)cc1,Kd,88000.0,nM,4.06,,CHEMBL5374789,9,CHEMBL4531,CHEMBL5370652,8itz,P17931
CHEMBL5415674,Cc1ccc(S[C@@H]2O[C@H](CO)[C@H](O)[C@H](n3cc(Sc4ccccc4)nn3)[C@H]2O)cc1,Kd,260000.0,nM,,,CHEMBL5374789,9,CHEMBL4531,CHEMBL5370652,8itz,P17931
CHEMBL5414245,Cc1ccc(S[C@@H]2O[C@H](CO)[C@H](O)[C@H](n3cc([S+]([O-])c4ccccc4)nn3)[C@H]2O)cc1,Kd,600000.0,nM,,,CHEMBL5374789,9,CHEMBL4531,CHEMBL5370652,8itz,P17931
CHEMBL5406384,Cc1ccc(S[C@@H]2O[C@H](CO)[C@H](O)[C@H](n3cc(S(=O)(=O)c4ccccc4)nn3)[C@H]2O)cc1,Kd,79000.0,nM,4.1,,CHEMBL5374789,9,CHEMBL4531,CHEMBL5370652,8itz,P17931
CHEMBL5406384,Cc1ccc(S[C@@H]2O[C@H](CO)[C@H](O)[C@H](n3cc(S(=O)(=O)c4ccccc4)nn3)[C@H]2O)cc1,Kd,79000.0,nM,4.1,,CHEMBL5374789,9,CHEMBL4531,CHEMBL5370652,8itz,P17931
CHEMBL5406384,Cc1ccc(S[C@@H]2O[C@H](CO)[C@H](O)[C@H](n3cc(S(=O)(=O)c4ccccc4)nn3)[C@H]2O)cc1,Kd,79000.0,nM,4.1,,CHEMBL5374789,9,CHEMBL4531,CHEMBL5370652,8itz,P17931
CHEMBL5406384,Cc1ccc(S[C@@H]2O[C@H](CO)[C@H](O)[C@H](n3cc(S(=O)(=O)c4ccccc4)nn3)[C@H]2O)cc1,Kd,600000.0,nM,,,CHEMBL5374790,9,CHEMBL4531,CHEMBL5370652,8itz,P17931
CHEMBL5406384,Cc1ccc(S[C@@H]2O[C@H](CO)[C@H](O)[C@H](n3cc(S(=O)(=O)c4ccccc4)nn3)[C@H]2O)cc1,Kd,600000.0,nM,,,CHEMBL5374790,9,CHEMBL4531,CHEMBL5370652,8itz,P17931
CHEMBL5406384,Cc1ccc(S[C@@H]2O[C@H](CO)[C@H](O)[C@H](n3cc(S(=O)(=O)c4ccccc4)nn3)[C@H]2O)cc1,Kd,600000.0,nM,,,CHEMBL5374790,9,CHEMBL4531,CHEMBL5370652,8itz,P17931
CHEMBL5406384,Cc1ccc(S[C@@H]2O[C@H](CO)[C@H](O)[C@H](n3cc(S(=O)(=O)c4ccccc4)nn3)[C@H]2O)cc1,Kd,250000.0,nM,,,CHEMBL5374791,9,CHEMBL4531,CHEMBL5370652,8itz,P17931
CHEMBL5406384,Cc1ccc(S[C@@H]2O[C@H](CO)[C@H](O)[C@H](n3cc(S(=O)(=O)c4ccccc4)nn3)[C@H]2O)cc1,Kd,250000.0,nM,,,CHEMBL5374791,9,CHEMBL4531,CHEMBL5370652,8itz,P17931
CHEMBL5406384,Cc1ccc(S[C@@H]2O[C@H](CO)[C@H](O)[C@H](n3cc(S(=O)(=O)c4ccccc4)nn3)[C@H]2O)cc1,Kd,250000.0,nM,,,CHEMBL5374791,9,CHEMBL4531,CHEMBL5370652,8itz,P17931
CHEMBL5418180,OC[C@H]1O[C@@H](S[C@@H]2O[C@H](CO)[C@@H](O)[C@H](O)[C@H]2O)[C@H](O)[C@@H](n2cc(Sc3ccccc3)nn2)[C@H]1O,Kd,19000.0,nM,4.72,,CHEMBL5374792,9,CHEMBL4531,CHEMBL5370652,8itz,P17931
CHEMBL5418180,OC[C@H]1O[C@@H](S[C@@H]2O[C@H](CO)[C@@H](O)[C@H](O)[C@H]2O)[C@H](O)[C@@H](n2cc(Sc3ccccc3)nn2)[C@H]1O,Kd,19000.0,nM,4.72,,CHEMBL5374792,9,CHEMBL4531,CHEMBL5370652,8itz,P17931
CHEMBL5395141,[O-][S+](c1ccccc1)c1cn([C@H]2[C@@H](O)[C@@H](CO)O[C@@H](S[C@@H]3O[C@H](CO)[C@@H](O)[C@H](O)[C@H]3O)[C@@H]2O)nn1,Kd,55500.0,nM,4.26,,CHEMBL5374792,9,CHEMBL4531,CHEMBL5370652,8itz,P17931
CHEMBL5395141,[O-][S+](c1ccccc1)c1cn([C@H]2[C@@H](O)[C@@H](CO)O[C@@H](S[C@@H]3O[C@H](CO)[C@@H](O)[C@H](O)[C@H]3O)[C@@H]2O)nn1,Kd,55500.0,nM,4.26,,CHEMBL5374792,9,CHEMBL4531,CHEMBL5370652,8itz,P17931
CHEMBL5432419,O=S(=O)(c1ccccc1)c1cn([C@H]2[C@@H](O)[C@@H](CO)O[C@@H](S[C@@H]3O[C@H](CO)[C@@H](O)[C@H](O)[C@H]3O)[C@@H]2O)nn1,Kd,8800.0,nM,5.06,,CHEMBL5374792,9,CHEMBL4531,CHEMBL5370652,8itz,P17931
CHEMBL5432419,O=S(=O)(c1ccccc1)c1cn([C@H]2[C@@H](O)[C@@H](CO)O[C@@H](S[C@@H]3O[C@H](CO)[C@@H](O)[C@H](O)[C@H]3O)[C@@H]2O)nn1,Kd,8800.0,nM,5.06,,CHEMBL5374792,9,CHEMBL4531,CHEMBL5370652,8itz,P17931
CHEMBL5411756,OC[C@H]1O[C@@H](S[C@@H]2O[C@H](CO)[C@@H](O)[C@H](O)[C@H]2O)[C@H](O)[C@@H](n2cc(-c3ccccc3)nn2)[C@H]1O,Kd,4500.0,nM,5.35,,CHEMBL5374792,9,CHEMBL4531,CHEMBL5370652,8itz,P17931
CHEMBL5418180,OC[C@H]1O[C@@H](S[C@@H]2O[C@H](CO)[C@@H](O)[C@H](O)[C@H]2O)[C@H](O)[C@@H](n2cc(Sc3ccccc3)nn2)[C@H]1O,Kd,55500.0,nM,4.26,,CHEMBL5374796,9,CHEMBL4531,CHEMBL5370652,8itz,P17931
CHEMBL5418180,OC[C@H]1O[C@@H](S[C@@H]2O[C@H](CO)[C@@H](O)[C@H](O)[C@H]2O)[C@H](O)[C@@H](n2cc(Sc3ccccc3)nn2)[C@H]1O,Kd,55500.0,nM,4.26,,CHEMBL5374796,9,CHEMBL4531,CHEMBL5370652,8itz,P17931
CHEMBL5395141,[O-][S+](c1ccccc1)c1cn([C@H]2[C@@H](O)[C@@H](CO)O[C@@H](S[C@@H]3O[C@H](CO)[C@@H](O)[C@H](O)[C@H]3O)[C@@H]2O)nn1,Kd,94000.0,nM,4.03,,CHEMBL5374796,9,CHEMBL4531,CHEMBL5370652,8itz,P17931
CHEMBL5395141,[O-][S+](c1ccccc1)c1cn([C@H]2[C@@H](O)[C@@H](CO)O[C@@H](S[C@@H]3O[C@H](CO)[C@@H](O)[C@H](O)[C@H]3O)[C@@H]2O)nn1,Kd,94000.0,nM,4.03,,CHEMBL5374796,9,CHEMBL4531,CHEMBL5370652,8itz,P17931
CHEMBL5432419,O=S(=O)(c1ccccc1)c1cn([C@H]2[C@@H](O)[C@@H](CO)O[C@@H](S[C@@H]3O[C@H](CO)[C@@H](O)[C@H](O)[C@H]3O)[C@@H]2O)nn1,Kd,6200.0,nM,5.21,,CHEMBL5374796,9,CHEMBL4531,CHEMBL5370652,8itz,P17931
CHEMBL5432419,O=S(=O)(c1ccccc1)c1cn([C@H]2[C@@H](O)[C@@H](CO)O[C@@H](S[C@@H]3O[C@H](CO)[C@@H](O)[C@H](O)[C@H]3O)[C@@H]2O)nn1,Kd,6200.0,nM,5.21,,CHEMBL5374796,9,CHEMBL4531,CHEMBL5370652,8itz,P17931
CHEMBL5429157,O=C(NS(=O)(=O)c1ccc(Cl)cc1Cl)c1cc2c(Oc3ccc(F)cc3)cccc2[nH]1,Kd,224300.0,nM,,,CHEMBL5390896,9,CHEMBL4531,CHEMBL5390211,8itz,P17931
CHEMBL5429763,O=C(NS(=O)(=O)c1ccc(Cl)cc1Cl)c1cc2cc(Oc3ccc(F)cc3)ccc2[nH]1,Kd,121200.0,nM,,,CHEMBL5390896,9,CHEMBL4531,CHEMBL5390211,8itz,P17931
CHEMBL5408781,O=C(NS(=O)(=O)c1ccc(Cl)cc1Cl)c1cc2ccc(Oc3ccc(F)cc3)cc2[nH]1,Kd,302800.0,nM,,,CHEMBL5390896,9,CHEMBL4531,CHEMBL5390211,8itz,P17931
CHEMBL5436075,O=C(NS(=O)(=O)c1ccc(Cl)cc1Cl)c1cc2cc(Oc3ccc(Cl)c(Cl)c3)ccc2[nH]1,Kd,16000.0,nM,4.8,,CHEMBL5390896,9,CHEMBL4531,CHEMBL5390211,8itz,P17931
CHEMBL5440690,O=C(NS(=O)(=O)c1ccccc1)c1cc2cc(Oc3ccc(Cl)c(Cl)c3)ccc2[nH]1,Kd,37400.0,nM,4.43,,CHEMBL5390896,9,CHEMBL4531,CHEMBL5390211,8itz,P17931
CHEMBL5436088,O=C(NS(=O)(=O)c1ccccc1Cl)c1cc2cc(Oc3ccc(Cl)c(Cl)c3)ccc2[nH]1,Kd,24900.0,nM,4.6,,CHEMBL5390896,9,CHEMBL4531,CHEMBL5390211,8itz,P17931
CHEMBL5406006,O=C(NS(=O)(=O)c1ccc(Cl)cc1)c1cc2cc(Oc3ccc(Cl)c(Cl)c3)ccc2[nH]1,Kd,80900.0,nM,4.09,,CHEMBL5390896,9,CHEMBL4531,CHEMBL5390211,8itz,P17931
CHEMBL5431444,COc1cccc(S(=O)(=O)NC(=O)c2cc3cc(Oc4ccc(Cl)c(Cl)c4)ccc3[nH]2)c1,Kd,39200.0,nM,4.41,,CHEMBL5390896,9,CHEMBL4531,CHEMBL5390211,8itz,P17931
CHEMBL5437841,CCOC(=O)c1ccc(S(=O)(=O)NC(=O)c2cc3cc(Oc4ccc(Cl)c(Cl)c4)ccc3[nH]2)cc1,Kd,17100.0,nM,4.77,,CHEMBL5390896,9,CHEMBL4531,CHEMBL5390211,8itz,P17931
CHEMBL5417633,O=C(O)c1ccc(S(=O)(=O)NC(=O)c2cc3cc(Oc4ccc(Cl)c(Cl)c4)ccc3[nH]2)cc1,Kd,119300.0,nM,,,CHEMBL5390896,9,CHEMBL4531,CHEMBL5390211,8itz,P17931
CHEMBL5406342,O=C(NS(=O)(=O)c1ccc(OC(F)(F)F)cc1)c1cc2cc(Oc3ccc(Cl)c(Cl)c3)ccc2[nH]1,Kd,15500.0,nM,4.81,,CHEMBL5390896,9,CHEMBL4531,CHEMBL5390211,8itz,P17931
CHEMBL5433343,O=C(NS(=O)(=O)c1ccc([N+](=O)[O-])cc1)c1cc2cc(Oc3ccc(Cl)c(Cl)c3)ccc2[nH]1,Kd,30000.0,nM,4.52,,CHEMBL5390896,9,CHEMBL4531,CHEMBL5390211,8itz,P17931
CHEMBL5422699,O=C(NS(=O)(=O)c1ccc(F)cc1S(=O)(=O)C(F)(F)F)c1cc2cc(Oc3ccc(Cl)c(Cl)c3)ccc2[nH]1,Kd,32300.0,nM,4.49,,CHEMBL5390896,9,CHEMBL4531,CHEMBL5390211,8itz,P17931
CHEMBL5396404,O=C(NS(=O)(=O)c1cc(F)c(F)c(F)c1)c1cc2cc(Oc3ccc(Cl)c(Cl)c3)ccc2[nH]1,Kd,33000.0,nM,4.48,,CHEMBL5390896,9,CHEMBL4531,CHEMBL5390211,8itz,P17931
CHEMBL5412010,O=C(NS(=O)(=O)c1cc(Cl)sc1Cl)c1cc2cc(Oc3ccc(Cl)c(Cl)c3)ccc2[nH]1,Kd,21900.0,nM,4.66,,CHEMBL5390896,9,CHEMBL4531,CHEMBL5390211,8itz,P17931
CHEMBL5430273,O=C(NS(=O)(=O)c1cc(Cl)c(Cl)s1)c1cc2cc(Oc3ccc(Cl)c(Cl)c3)ccc2[nH]1,Kd,20000.0,nM,4.7,,CHEMBL5390896,9,CHEMBL4531,CHEMBL5390211,8itz,P17931
CHEMBL5401732,Cc1nc(Cl)sc1S(=O)(=O)NC(=O)c1cc2cc(Oc3ccc(Cl)c(Cl)c3)ccc2[nH]1,Kd,31000.0,nM,4.51,,CHEMBL5390896,9,CHEMBL4531,CHEMBL5390211,8itz,P17931
CHEMBL5437593,O=C(NS(=O)(=O)c1ccn(Cl)n1)c1cc2cc(Oc3ccc(Cl)c(Cl)c3)ccc2[nH]1,Kd,76900.0,nM,4.11,,CHEMBL5390896,9,CHEMBL4531,CHEMBL5390211,8itz,P17931
CHEMBL5429754,Cc1noc(C)c1S(=O)(=O)NC(=O)c1cc2cc(Oc3ccc(Cl)c(Cl)c3)ccc2[nH]1,Kd,74200.0,nM,4.13,,CHEMBL5390896,9,CHEMBL4531,CHEMBL5390211,8itz,P17931
CHEMBL5412583,O=C(NS(=O)(=O)c1ccccn1)c1cc2cc(Oc3ccc(Cl)c(Cl)c3)ccc2[nH]1,Kd,210000.0,nM,,,CHEMBL5390896,9,CHEMBL4531,CHEMBL5390211,8itz,P17931
CHEMBL5434120,O=C(NS(=O)(=O)c1csc2ccccc12)c1cc2cc(Oc3ccc(Cl)c(Cl)c3)ccc2[nH]1,Kd,10600.0,nM,4.97,,CHEMBL5390896,9,CHEMBL4531,CHEMBL5390211,8itz,P17931
CHEMBL5428395,O=C(NS(=O)(=O)c1ccc2ncsc2c1)c1cc2cc(Oc3ccc(Cl)c(Cl)c3)ccc2[nH]1,Kd,7600.0,nM,5.12,,CHEMBL5390896,9,CHEMBL4531,CHEMBL5390211,8itz,P17931
CHEMBL5428395,O=C(NS(=O)(=O)c1ccc2ncsc2c1)c1cc2cc(Oc3ccc(Cl)c(Cl)c3)ccc2[nH]1,Kd,7600.0,nM,5.12,,CHEMBL5390896,9,CHEMBL4531,CHEMBL5390211,8itz,P17931
CHEMBL5415648,O=C(NS(=O)(=O)c1ccc2c(c1)OCC2)c1cc2cc(Oc3ccc(Cl)c(Cl)c3)ccc2[nH]1,Kd,20100.0,nM,4.7,,CHEMBL5390896,9,CHEMBL4531,CHEMBL5390211,8itz,P17931
CHEMBL5436399,O=C(NS(=O)(=O)c1ccc2oc(=O)ccc2c1)c1cc2cc(Oc3ccc(Cl)c(Cl)c3)ccc2[nH]1,Kd,10000.0,nM,5.0,,CHEMBL5390896,9,CHEMBL4531,CHEMBL5390211,8itz,P17931
CHEMBL5436399,O=C(NS(=O)(=O)c1ccc2oc(=O)ccc2c1)c1cc2cc(Oc3ccc(Cl)c(Cl)c3)ccc2[nH]1,Kd,10000.0,nM,5.0,,CHEMBL5390896,9,CHEMBL4531,CHEMBL5390211,8itz,P17931
CHEMBL5400704,O=C(NS(=O)(=O)Cc1noc2ccccc12)c1cc2cc(Oc3ccc(Cl)c(Cl)c3)ccc2[nH]1,Kd,320900.0,nM,,,CHEMBL5390896,9,CHEMBL4531,CHEMBL5390211,8itz,P17931
CHEMBL5421354,O=C(NS(=O)(=O)c1sccc1Cc1ccccc1)c1cc2cc(Oc3ccc(Cl)c(Cl)c3)ccc2[nH]1,Kd,22700.0,nM,4.64,,CHEMBL5390896,9,CHEMBL4531,CHEMBL5390211,8itz,P17931
CHEMBL5421354,O=C(NS(=O)(=O)c1sccc1Cc1ccccc1)c1cc2cc(Oc3ccc(Cl)c(Cl)c3)ccc2[nH]1,Kd,22700.0,nM,4.64,,CHEMBL5390896,9,CHEMBL4531,CHEMBL5390211,8itz,P17931
CHEMBL5436190,O=C(NS(=O)(=O)c1sc(Cl)cc1Cc1ccccc1)c1cc2cc(Oc3ccc(Cl)c(Cl)c3)ccc2[nH]1,Kd,35900.0,nM,4.45,,CHEMBL5390896,9,CHEMBL4531,CHEMBL5390211,8itz,P17931
CHEMBL5421500,O=C(NS(=O)(=O)c1cc(Cl)c(Cl)s1)c1cc2cc(Oc3ccc(Br)c(Cl)c3)ccc2[nH]1,Kd,23700.0,nM,4.62,,CHEMBL5390896,9,CHEMBL4531,CHEMBL5390211,8itz,P17931
CHEMBL5439240,O=C(NS(=O)(=O)c1cc(Cl)c(Cl)s1)c1cc2cc(Oc3ccc(Br)c(F)c3)ccc2[nH]1,Kd,14300.0,nM,4.84,,CHEMBL5390896,9,CHEMBL4531,CHEMBL5390211,8itz,P17931
CHEMBL5427260,O=C(NS(=O)(=O)c1cc(Cl)c(Cl)s1)c1cc2cc(Oc3ccc(Br)cc3F)ccc2[nH]1,Kd,27100.0,nM,4.57,,CHEMBL5390896,9,CHEMBL4531,CHEMBL5390211,8itz,P17931
CHEMBL5394601,O=C(NS(=O)(=O)c1cc(Cl)c(Cl)s1)c1cc2cc(Oc3ccc(Cl)cc3Cl)ccc2[nH]1,Kd,22700.0,nM,4.64,,CHEMBL5390896,9,CHEMBL4531,CHEMBL5390211,8itz,P17931
CHEMBL5417087,O=C(NS(=O)(=O)c1cc(Cl)c(Cl)s1)c1cc2cc(Oc3ccc(Cl)cc3Br)ccc2[nH]1,Kd,24900.0,nM,4.6,,CHEMBL5390896,9,CHEMBL4531,CHEMBL5390211,8itz,P17931
CHEMBL5419357,O=C(NS(=O)(=O)c1cc(Cl)c(Cl)s1)c1cc2cc(Oc3cccc(Cl)c3Br)ccc2[nH]1,Kd,27300.0,nM,4.56,,CHEMBL5390896,9,CHEMBL4531,CHEMBL5390211,8itz,P17931
CHEMBL5404514,O=C(NS(=O)(=O)c1cc(Cl)c(Cl)s1)c1cc2cc(Oc3ccc(Cl)cn3)ccc2[nH]1,Kd,212100.0,nM,,,CHEMBL5390896,9,CHEMBL4531,CHEMBL5390211,8itz,P17931
CHEMBL5441028,O=C(NS(=O)(=O)c1cc(Cl)c(Cl)s1)c1cc2cc(Oc3ccc(Cl)c(Cl)c3)ccc2o1,Kd,30500.0,nM,4.52,,CHEMBL5390896,9,CHEMBL4531,CHEMBL5390211,8itz,P17931
CHEMBL5402838,CCOC(=O)c1ccc(S(=O)(=O)NC(=O)c2cc3cc(Oc4ccc(Cl)c(Cl)c4)ccc3n2C)cc1,Kd,36500.0,nM,4.44,,CHEMBL5390896,9,CHEMBL4531,CHEMBL5390211,8itz,P17931
CHEMBL5427959,CCOC(=O)c1ccc(S(=O)(=O)N(C)C(=O)c2cc3cc(Oc4ccc(Cl)c(Cl)c4)ccc3n2C)cc1,Kd,363300.0,nM,,,CHEMBL5390896,9,CHEMBL4531,CHEMBL5390211,8itz,P17931
CHEMBL4297442,OC[C@H]1O[C@@H](S[C@@H]2O[C@H](CO)[C@H](O)[C@H](n3cc(-c4cccc(F)c4)nn3)[C@H]2O)[C@H](O)[C@@H](n2cc(-c3cccc(F)c3)nn2)[C@H]1O,Kd,37.0,nM,7.43,,CHEMBL5390896,9,CHEMBL4531,CHEMBL5390211,8itz,P17931
CHEMBL4297442,OC[C@H]1O[C@@H](S[C@@H]2O[C@H](CO)[C@H](O)[C@H](n3cc(-c4cccc(F)c4)nn3)[C@H]2O)[C@H](O)[C@@H](n2cc(-c3cccc(F)c3)nn2)[C@H]1O,Kd,37.0,nM,7.43,,CHEMBL5390896,9,CHEMBL4531,CHEMBL5390211,8itz,P17931
CHEMBL4297442,OC[C@H]1O[C@@H](S[C@@H]2O[C@H](CO)[C@H](O)[C@H](n3cc(-c4cccc(F)c4)nn3)[C@H]2O)[C@H](O)[C@@H](n2cc(-c3cccc(F)c3)nn2)[C@H]1O,Kd,37.0,nM,7.43,,CHEMBL5390896,9,CHEMBL4531,CHEMBL5390211,8itz,P17931
CHEMBL4297442,OC[C@H]1O[C@@H](S[C@@H]2O[C@H](CO)[C@H](O)[C@H](n3cc(-c4cccc(F)c4)nn3)[C@H]2O)[C@H](O)[C@@H](n2cc(-c3cccc(F)c3)nn2)[C@H]1O,Kd,37.0,nM,7.43,,CHEMBL5390896,9,CHEMBL4531,CHEMBL5390211,8itz,P17931
CHEMBL4297442,OC[C@H]1O[C@@H](S[C@@H]2O[C@H](CO)[C@H](O)[C@H](n3cc(-c4cccc(F)c4)nn3)[C@H]2O)[C@H](O)[C@@H](n2cc(-c3cccc(F)c3)nn2)[C@H]1O,Kd,37.0,nM,7.43,,CHEMBL5390896,9,CHEMBL4531,CHEMBL5390211,8itz,P17931
CHEMBL4297442,OC[C@H]1O[C@@H](S[C@@H]2O[C@H](CO)[C@H](O)[C@H](n3cc(-c4cccc(F)c4)nn3)[C@H]2O)[C@H](O)[C@@H](n2cc(-c3cccc(F)c3)nn2)[C@H]1O,Kd,37.0,nM,7.43,,CHEMBL5390896,9,CHEMBL4531,CHEMBL5390211,8itz,P17931
CHEMBL5425527,CC(C)c1ccc(Oc2ccc3cc(C(=O)NS(=O)(=O)c4ccc(Cl)cc4Cl)[nH]c3c2)cc1,Kd,783700.0,nM,,,CHEMBL5390896,9,CHEMBL4531,CHEMBL5390211,8itz,P17931
CHEMBL5428395,O=C(NS(=O)(=O)c1ccc2ncsc2c1)c1cc2cc(Oc3ccc(Cl)c(Cl)c3)ccc2[nH]1,Kd,4120.0,nM,5.38,,CHEMBL5390903,9,CHEMBL4531,CHEMBL5390211,8itz,P17931
CHEMBL5428395,O=C(NS(=O)(=O)c1ccc2ncsc2c1)c1cc2cc(Oc3ccc(Cl)c(Cl)c3)ccc2[nH]1,Kd,4120.0,nM,5.38,,CHEMBL5390903,9,CHEMBL4531,CHEMBL5390211,8itz,P17931
CHEMBL5436399,O=C(NS(=O)(=O)c1ccc2oc(=O)ccc2c1)c1cc2cc(Oc3ccc(Cl)c(Cl)c3)ccc2[nH]1,Kd,11000.0,nM,4.96,,CHEMBL5390903,9,CHEMBL4531,CHEMBL5390211,8itz,P17931
CHEMBL5436399,O=C(NS(=O)(=O)c1ccc2oc(=O)ccc2c1)c1cc2cc(Oc3ccc(Cl)c(Cl)c3)ccc2[nH]1,Kd,11000.0,nM,4.96,,CHEMBL5390903,9,CHEMBL4531,CHEMBL5390211,8itz,P17931
CHEMBL5421354,O=C(NS(=O)(=O)c1sccc1Cc1ccccc1)c1cc2cc(Oc3ccc(Cl)c(Cl)c3)ccc2[nH]1,Kd,12800.0,nM,4.89,,CHEMBL5390903,9,CHEMBL4531,CHEMBL5390211,8itz,P17931
CHEMBL5421354,O=C(NS(=O)(=O)c1sccc1Cc1ccccc1)c1cc2cc(Oc3ccc(Cl)c(Cl)c3)ccc2[nH]1,Kd,12800.0,nM,4.89,,CHEMBL5390903,9,CHEMBL4531,CHEMBL5390211,8itz,P17931
CHEMBL4297442,OC[C@H]1O[C@@H](S[C@@H]2O[C@H](CO)[C@H](O)[C@H](n3cc(-c4cccc(F)c4)nn3)[C@H]2O)[C@H](O)[C@@H](n2cc(-c3cccc(F)c3)nn2)[C@H]1O,Kd,14.0,nM,7.85,,CHEMBL5390915,9,CHEMBL4531,CHEMBL5390211,8itz,P17931
CHEMBL4297442,OC[C@H]1O[C@@H](S[C@@H]2O[C@H](CO)[C@H](O)[C@H](n3cc(-c4cccc(F)c4)nn3)[C@H]2O)[C@H](O)[C@@H](n2cc(-c3cccc(F)c3)nn2)[C@H]1O,Kd,14.0,nM,7.85,,CHEMBL5390915,9,CHEMBL4531,CHEMBL5390211,8itz,P17931
CHEMBL4297442,OC[C@H]1O[C@@H](S[C@@H]2O[C@H](CO)[C@H](O)[C@H](n3cc(-c4cccc(F)c4)nn3)[C@H]2O)[C@H](O)[C@@H](n2cc(-c3cccc(F)c3)nn2)[C@H]1O,Kd,14.0,nM,7.85,,CHEMBL5390915,9,CHEMBL4531,CHEMBL5390211,8itz,P17931
CHEMBL4297442,OC[C@H]1O[C@@H](S[C@@H]2O[C@H](CO)[C@H](O)[C@H](n3cc(-c4cccc(F)c4)nn3)[C@H]2O)[C@H](O)[C@@H](n2cc(-c3cccc(F)c3)nn2)[C@H]1O,Kd,14.0,nM,7.85,,CHEMBL5390915,9,CHEMBL4531,CHEMBL5390211,8itz,P17931
CHEMBL4297442,OC[C@H]1O[C@@H](S[C@@H]2O[C@H](CO)[C@H](O)[C@H](n3cc(-c4cccc(F)c4)nn3)[C@H]2O)[C@H](O)[C@@H](n2cc(-c3cccc(F)c3)nn2)[C@H]1O,Kd,14.0,nM,7.85,,CHEMBL5390915,9,CHEMBL4531,CHEMBL5390211,8itz,P17931
CHEMBL4297442,OC[C@H]1O[C@@H](S[C@@H]2O[C@H](CO)[C@H](O)[C@H](n3cc(-c4cccc(F)c4)nn3)[C@H]2O)[C@H](O)[C@@H](n2cc(-c3cccc(F)c3)nn2)[C@H]1O,Kd,14.0,nM,7.85,,CHEMBL5390915,9,CHEMBL4531,CHEMBL5390211,8itz,P17931
CHEMBL5314358,,Kd,231000.0,nM,,,CHEMBL5390917,9,CHEMBL4531,CHEMBL5390211,8itz,P17931
CHEMBL5314358,,Kd,231000.0,nM,,,CHEMBL5390917,9,CHEMBL4531,CHEMBL5390211,8itz,P17931
CHEMBL5314358,,Kd,231000.0,nM,,,CHEMBL5390917,9,CHEMBL4531,CHEMBL5390211,8itz,P17931
CHEMBL5314358,,Kd,231000.0,nM,,,CHEMBL5390917,9,CHEMBL4531,CHEMBL5390211,8itz,P17931
CHEMBL5314358,,Kd,231000.0,nM,,,CHEMBL5390917,9,CHEMBL4531,CHEMBL5390211,8itz,P17931
CHEMBL5314358,,Kd,231000.0,nM,,,CHEMBL5390917,9,CHEMBL4531,CHEMBL5390211,8itz,P17931
CHEMBL5314358,,Kd,231000.0,nM,,,CHEMBL5390917,9,CHEMBL4531,CHEMBL5390211,8itz,P17931
CHEMBL5314358,,Kd,231000.0,nM,,,CHEMBL5390917,9,CHEMBL4531,CHEMBL5390211,8itz,P17931
CHEMBL5557673,CO[C@@H]1[C@@H](n2cc(-c3csc(O)n3)nn2)[C@@H](O)[C@@H](CO)O[C@@H]1Sc1ccc(Cl)c(Cl)c1,Kd,6000.0,nM,5.22,,CHEMBL5503602,9,CHEMBL4531,CHEMBL5500389,8itz,P17931
CHEMBL5557673,CO[C@@H]1[C@@H](n2cc(-c3csc(O)n3)nn2)[C@@H](O)[C@@H](CO)O[C@@H]1Sc1ccc(Cl)c(Cl)c1,Kd,6000.0,nM,5.22,,CHEMBL5503602,9,CHEMBL4531,CHEMBL5500389,8itz,P17931
CHEMBL5557673,CO[C@@H]1[C@@H](n2cc(-c3csc(O)n3)nn2)[C@@H](O)[C@@H](CO)O[C@@H]1Sc1ccc(Cl)c(Cl)c1,Kd,20500.0,nM,4.69,,CHEMBL5503619,9,CHEMBL4531,CHEMBL5500389,8itz,P17931
CHEMBL5557673,CO[C@@H]1[C@@H](n2cc(-c3csc(O)n3)nn2)[C@@H](O)[C@@H](CO)O[C@@H]1Sc1ccc(Cl)c(Cl)c1,Kd,20500.0,nM,4.69,,CHEMBL5503619,9,CHEMBL4531,CHEMBL5500389,8itz,P17931
CHEMBL5512479,OC[C@H]1O[C@@H](S[C@@H]2O[C@H](CO)[C@H](O)[C@H](n3cc(-c4csc(O)n4)nn3)[C@H]2O)[C@H](O)[C@@H](n2cc(-c3cc(F)c(F)c(F)c3)nn2)[C@H]1O,Kd,1.0,nM,9.0,,CHEMBL5503627,9,CHEMBL4531,CHEMBL5500389,8itz,P17931
CHEMBL5594770,O=c1c2ccccc2cnn1CO[C@@H]1C=CO[C@H](CO)[C@@H]1O,Kd,2900000.0,nM,,,CHEMBL5582106,9,CHEMBL4531,CHEMBL5579863,8itz,P17931
CHEMBL5594949,O=c1c2ccccc2c(-c2ccc(F)cc2)nn1CO[C@@H]1C=CO[C@H](CO)[C@@H]1O,Kd,2200000.0,nM,,,CHEMBL5582106,9,CHEMBL4531,CHEMBL5579863,8itz,P17931
CHEMBL5592835,Cc1ccc(-c2nn(CO[C@@H]3C=CO[C@H](CO)[C@@H]3O)c(=O)c3ccccc23)cc1,Kd,1100000.0,nM,,,CHEMBL5582106,9,CHEMBL4531,CHEMBL5579863,8itz,P17931
CHEMBL6042998,OCC1O[C@@H](SC2O[C@H](CO)C(O)C(n3cc(N4CCOCC4)nn3)[C@H]2O)C(O)[C@@H](n2cc(-c3cc(F)c(F)c(F)c3)nn2)[C@H]1O,Kd,2.0,nM,8.7,940316,CHEMBL5735563,9,CHEMBL4531,CHEMBL5727869,8itz,P17931
CHEMBL5799558,CN1CCN(c2cn(C3C(O)[C@@H](CO)OC(S[C@@H]4OC(CO)[C@H](O)[C@H](n5cc(-c6cc(F)c(F)c(F)c6)nn5)C4O)[C@@H]3O)nn2)CC1,Kd,7.0,nM,8.15,940318,CHEMBL5735563,9,CHEMBL4531,CHEMBL5727869,8itz,P17931
CHEMBL5798312,OCC1O[C@@H](SC2O[C@H](CO)C(O)C(n3cc(N4CCNCC4)nn3)[C@H]2O)C(O)[C@@H](n2cc(-c3cc(F)c(F)c(F)c3)nn2)[C@H]1O,Kd,5.0,nM,8.3,940320,CHEMBL5735563,9,CHEMBL4531,CHEMBL5727869,8itz,P17931
CHEMBL6011223,OCC1O[C@@H](SC2O[C@H](CO)C(O)C(n3cc(C4CCOCC4)nn3)[C@H]2O)C(O)[C@@H](n2cc(-c3cc(F)c(F)c(F)c3)nn2)[C@H]1O,Kd,1.0,nM,9.0,940322,CHEMBL5735563,9,CHEMBL4531,CHEMBL5727869,8itz,P17931
CHEMBL5925349,CC(C)c1cn(C2C(O)[C@@H](CO)OC(S[C@@H]3OC(CO)[C@H](O)[C@H](n4cc(-c5cc(F)c(F)c(F)c5)nn4)C3O)[C@@H]2O)nn1,Kd,2.0,nM,8.7,940324,CHEMBL5735563,9,CHEMBL4531,CHEMBL5727869,8itz,P17931
CHEMBL5948228,Cc1ccc(S[C@H]2OC(CO)[C@H](O)[C@H](n3cc(-c4cc(F)c(F)c(F)c4)nn3)C2O)cc1C,Kd,150.0,nM,6.82,953468,CHEMBL5735737,9,CHEMBL4531,CHEMBL5727949,8itz,P17931
CHEMBL5876393,OCC1O[C@H](Sc2cccc(Br)c2)C(O)[C@@H](n2cc(-c3cc(F)c(F)c(F)c3)nn2)[C@H]1O,Kd,37.0,nM,7.43,953469,CHEMBL5735737,9,CHEMBL4531,CHEMBL5727949,8itz,P17931
CHEMBL5776355,CCOc1cccc(S[C@H]2OC(CO)[C@H](O)[C@H](n3cc(-c4cc(F)c(F)c(F)c4)nn3)C2O)c1,Kd,420.0,nM,6.38,953470,CHEMBL5735737,9,CHEMBL4531,CHEMBL5727949,8itz,P17931
CHEMBL5861944,OCC1O[C@H](Sc2ccncc2)C(O)[C@@H](n2cc(-c3cc(F)c(F)c(F)c3)nn2)[C@H]1O,Kd,190.0,nM,6.72,953471,CHEMBL5735737,9,CHEMBL4531,CHEMBL5727949,8itz,P17931
CHEMBL5988979,OCC1O[C@H](Sc2ccc(Cl)cc2Cl)C(O)[C@@H](n2cc(-c3cc(F)c(F)c(F)c3)nn2)[C@H]1O,Kd,650.0,nM,6.19,953472,CHEMBL5735737,9,CHEMBL4531,CHEMBL5727949,8itz,P17931
CHEMBL5825896,CC(=O)Nc1ccc(S[C@H]2OC(CO)[C@H](O)[C@H](n3cc(-c4cc(F)c(F)c(F)c4)nn3)C2O)cc1,Kd,313.0,nM,6.5,953473,CHEMBL5735737,9,CHEMBL4531,CHEMBL5727949,8itz,P17931
CHEMBL5910846,COc1ccc(S[C@H]2OC(CO)[C@H](O)[C@H](n3cc(-c4cc(F)c(F)c(F)c4)nn3)C2O)cc1,Kd,410.0,nM,6.39,953474,CHEMBL5735737,9,CHEMBL4531,CHEMBL5727949,8itz,P17931
CHEMBL5810967,OCC1O[C@H](Sc2cccc(Cl)c2Cl)C(O)[C@@H](n2cc(-c3cc(F)c(F)c(F)c3)nn2)[C@H]1O,Kd,530.0,nM,6.28,953475,CHEMBL5735737,9,CHEMBL4531,CHEMBL5727949,8itz,P17931
CHEMBL6030369,OCC1O[C@H](Sc2ccc(Cl)c(Cl)c2)C(O)[C@@H](n2cc(-c3cc(F)c(F)c(F)c3)nn2)[C@H]1O,Kd,17.0,nM,7.77,953476,CHEMBL5735737,9,CHEMBL4531,CHEMBL5727949,8itz,P17931
CHEMBL5903559,OCC1O[C@H](SCc2ccccc2)C(O)[C@@H](n2cc(-c3cc(F)c(F)c(F)c3)nn2)[C@H]1O,Kd,1130.0,nM,5.95,953477,CHEMBL5735737,9,CHEMBL4531,CHEMBL5727949,8itz,P17931
CHEMBL5764547,COc1cccc(S[C@H]2OC(CO)[C@H](O)[C@H](n3cc(-c4cc(F)c(F)c(F)c4)nn3)C2O)c1,Kd,270.0,nM,6.57,953478,CHEMBL5735737,9,CHEMBL4531,CHEMBL5727949,8itz,P17931
CHEMBL5948239,OCC1O[C@H](Sc2ccc3ccccc3c2)C(O)[C@@H](n2cc(-c3cc(F)c(F)c(F)c3)nn2)[C@H]1O,Kd,180.0,nM,6.75,953479,CHEMBL5735737,9,CHEMBL4531,CHEMBL5727949,8itz,P17931
CHEMBL5834334,Cc1cccc(S[C@H]2OC(CO)[C@H](O)[C@H](n3cc(-c4cc(F)c(F)c(F)c4)nn3)C2O)c1,Kd,240.0,nM,6.62,953480,CHEMBL5735737,9,CHEMBL4531,CHEMBL5727949,8itz,P17931
CHEMBL5857839,OCC1O[C@H](Sc2cccc(C(F)(F)F)c2)C(O)[C@@H](n2cc(-c3cc(F)c(F)c(F)c3)nn2)[C@H]1O,Kd,130.0,nM,6.89,953481,CHEMBL5735737,9,CHEMBL4531,CHEMBL5727949,8itz,P17931
CHEMBL6029320,OCC1O[C@H](Sc2ccc(Br)cc2)C(O)[C@@H](n2cc(-c3cc(F)c(F)c(F)c3)nn2)[C@H]1O,Kd,520.0,nM,6.28,953482,CHEMBL5735737,9,CHEMBL4531,CHEMBL5727949,8itz,P17931
CHEMBL5921975,OCC1O[C@H](Sc2cc(Cl)cc(Cl)c2)C(O)[C@@H](n2cc(-c3cc(F)c(F)c(F)c3)nn2)[C@H]1O,Kd,80.0,nM,7.1,953483,CHEMBL5735737,9,CHEMBL4531,CHEMBL5727949,8itz,P17931
CHEMBL5841518,Cc1cccc(C)c1S[C@H]1OC(CO)[C@H](O)[C@H](n2cc(-c3cc(F)c(F)c(F)c3)nn2)C1O,Kd,1580.0,nM,5.8,953484,CHEMBL5735737,9,CHEMBL4531,CHEMBL5727949,8itz,P17931
CHEMBL5975332,OCC1O[C@H](Sc2cccc3ccccc23)C(O)[C@@H](n2cc(-c3cc(F)c(F)c(F)c3)nn2)[C@H]1O,Kd,960.0,nM,6.02,953485,CHEMBL5735737,9,CHEMBL4531,CHEMBL5727949,8itz,P17931
CHEMBL5983414,OCC1O[C@H](Sc2cccc(Cl)c2)C(O)[C@@H](n2cc(-c3cc(F)c(F)c(F)c3)nn2)[C@H]1O,Kd,49.0,nM,7.31,953486,CHEMBL5735737,9,CHEMBL4531,CHEMBL5727949,8itz,P17931
CHEMBL5996534,OCC1O[C@H](Sc2cccc(OC(F)(F)F)c2)C(O)[C@@H](n2cc(-c3cc(F)c(F)c(F)c3)nn2)[C@H]1O,Kd,500.0,nM,6.3,953487,CHEMBL5735737,9,CHEMBL4531,CHEMBL5727949,8itz,P17931
CHEMBL5888917,OCC1O[C@H](Sc2ccccn2)C(O)[C@@H](n2cc(-c3cc(F)c(F)c(F)c3)nn2)[C@H]1O,Kd,510.0,nM,6.29,953488,CHEMBL5735737,9,CHEMBL4531,CHEMBL5727949,8itz,P17931
CHEMBL6054802,OCC1O[C@H](Oc2ccc(Cl)c(Cl)c2)C(O)[C@@H](n2cc(-c3cc(F)c(F)c(F)c3)nn2)[C@H]1O,Kd,490.0,nM,6.31,953489,CHEMBL5735737,9,CHEMBL4531,CHEMBL5727949,8itz,P17931
CHEMBL5934226,OCC1O[C@H](Sc2ccc(Cl)cc2)C(O)[C@@H](n2cc(-c3cc(F)c(F)c(F)c3)nn2)[C@H]1O,Kd,200.0,nM,6.7,953490,CHEMBL5735737,9,CHEMBL4531,CHEMBL5727949,8itz,P17931
CHEMBL5778305,[O-][S+](c1ccc(Cl)c(Cl)c1)[C@H]1OC(CO)[C@H](O)[C@H](n2cc(-c3cc(F)c(F)c(F)c3)nn2)C1O,Kd,10.0,nM,8.0,953491,CHEMBL5735737,9,CHEMBL4531,CHEMBL5727949,8itz,P17931
CHEMBL6050451,O=S(=O)(c1ccc(Cl)c(Cl)c1)[C@H]1OC(CO)[C@H](O)[C@H](n2cc(-c3cc(F)c(F)c(F)c3)nn2)C1O,Kd,62.0,nM,7.21,953492,CHEMBL5735737,9,CHEMBL4531,CHEMBL5727949,8itz,P17931
CHEMBL6061853,[O-][S+](c1ccc(Cl)cc1)[C@H]1OC(CO)[C@H](O)[C@H](n2cc(-c3cc(F)c(F)c(F)c3)nn2)C1O,Kd,770.0,nM,6.11,953493,CHEMBL5735737,9,CHEMBL4531,CHEMBL5727949,8itz,P17931
CHEMBL5965758,OCC1O[C@H](Sc2ccccc2)C(O)[C@@H](n2cc(-c3cc(F)c(F)c(F)c3)nn2)[C@H]1O,Kd,400.0,nM,6.4,953494,CHEMBL5735737,9,CHEMBL4531,CHEMBL5727949,8itz,P17931
CHEMBL6024006,OCC1O[C@H](Sc2ccc(F)c(Cl)c2)C(O)[C@@H](n2cc(-c3cc(F)c(F)c(F)c3)nn2)[C@H]1O,Kd,48.0,nM,7.32,953495,CHEMBL5735737,9,CHEMBL4531,CHEMBL5727949,8itz,P17931
CHEMBL5742902,Cc1ccc(S[C@H]2OC(CO)[C@H](O)[C@H](n3cc(-c4cc(F)c(F)c(F)c4)nn3)C2O)cc1,Kd,460.0,nM,6.34,953496,CHEMBL5735737,9,CHEMBL4531,CHEMBL5727949,8itz,P17931
CHEMBL5941357,OCC1O[C@H](Sc2ccc(F)cc2)C(O)[C@@H](n2cc(-c3cc(F)c(F)c(F)c3)nn2)[C@H]1O,Kd,270.0,nM,6.57,953497,CHEMBL5735737,9,CHEMBL4531,CHEMBL5727949,8itz,P17931
CHEMBL5915921,OCC1O[C@H](Sc2ccc(OC(F)(F)F)cc2)C(O)[C@@H](n2cc(-c3cc(F)c(F)c(F)c3)nn2)[C@H]1O,Kd,280.0,nM,6.55,953498,CHEMBL5735737,9,CHEMBL4531,CHEMBL5727949,8itz,P17931
CHEMBL5741923,OCC1O[C@H](Oc2ccccc2)C(O)[C@@H](n2cc(-c3cc(F)c(F)c(F)c3)nn2)[C@H]1O,Kd,1000.0,nM,6.0,953499,CHEMBL5735737,9,CHEMBL4531,CHEMBL5727949,8itz,P17931
CHEMBL5744935,OCC1O[C@H](Oc2cccc(Cl)c2)C(O)[C@@H](n2cc(-c3cc(F)c(F)c(F)c3)nn2)[C@H]1O,Kd,250.0,nM,6.6,953500,CHEMBL5735737,9,CHEMBL4531,CHEMBL5727949,8itz,P17931
CHEMBL5834653,OCC1O[C@H](Oc2ccc(Cl)cc2)C(O)[C@@H](n2cc(-c3cc(F)c(F)c(F)c3)nn2)[C@H]1O,Kd,570.0,nM,6.24,953501,CHEMBL5735737,9,CHEMBL4531,CHEMBL5727949,8itz,P17931
CHEMBL5776330,OCC1O[C@H](SC2CCCCC2)C(O)[C@@H](n2cc(-c3cc(F)c(F)c(F)c3)nn2)[C@H]1O,Kd,440.0,nM,6.36,953502,CHEMBL5735737,9,CHEMBL4531,CHEMBL5727949,8itz,P17931
CHEMBL6034666,OCC1O[C@H](Sc2cc(Cl)c(Cl)cc2Cl)C(O)[C@@H](n2cc(-c3cc(F)c(F)c(F)c3)nn2)[C@H]1O,Kd,60.0,nM,7.22,953503,CHEMBL5735737,9,CHEMBL4531,CHEMBL5727949,8itz,P17931
CHEMBL5819624,OCC1O[C@H](Sc2cc(Cl)ccc2Cl)C(O)[C@@H](n2cc(-c3cc(F)c(F)c(F)c3)nn2)[C@H]1O,Kd,84.0,nM,7.08,953504,CHEMBL5735737,9,CHEMBL4531,CHEMBL5727949,8itz,P17931
CHEMBL5848871,OCC1O[C@H](Sc2cccc(O)c2)C(O)[C@@H](n2cc(-c3cc(F)c(F)c(F)c3)nn2)[C@H]1O,Kd,490.0,nM,6.31,953505,CHEMBL5735737,9,CHEMBL4531,CHEMBL5727949,8itz,P17931
CHEMBL5853079,[O-][S+](c1cccc(Br)c1)[C@H]1OC(CO)[C@H](O)[C@H](n2cc(-c3cc(F)c(F)c(F)c3)nn2)C1O,Kd,23.0,nM,7.64,953506,CHEMBL5735737,9,CHEMBL4531,CHEMBL5727949,8itz,P17931
CHEMBL5977381,OCC1O[C@H](SCCc2ccccc2)C(O)[C@@H](n2cc(-c3cc(F)c(F)c(F)c3)nn2)[C@H]1O,Kd,480.0,nM,6.32,953507,CHEMBL5735737,9,CHEMBL4531,CHEMBL5727949,8itz,P17931
CHEMBL6045214,Nc1nc(CO[C@@H]2C(O)[C@@H](Sc3ccc(Cl)c(Cl)c3)OC(CO)[C@@H]2O)cc(-c2ccc(Cl)cc2)n1,Kd,1300.0,nM,5.89,953508,CHEMBL5735737,9,CHEMBL4531,CHEMBL5727949,8itz,P17931
CHEMBL6048926,[O-][S+](c1ccc(Cl)c(Cl)c1)[C@H]1OC(CO)[C@H](O)[C@H](n2cc(-c3c(F)c(F)c(F)c(F)c3F)nn2)C1O,Kd,2.0,nM,8.7,953509,CHEMBL5735737,9,CHEMBL4531,CHEMBL5727949,8itz,P17931
CHEMBL5983070,OCC1O[C@H](Sc2cncc(Cl)c2)C(O)[C@@H](n2cc(-c3cc(F)c(F)c(F)c3)nn2)[C@H]1O,Kd,35.0,nM,7.46,953510,CHEMBL5735737,9,CHEMBL4531,CHEMBL5727949,8itz,P17931
CHEMBL5967903,OCC1O[C@H](Sc2cncc(Br)c2)C(O)[C@@H](n2cc(-c3cc(F)c(F)c(F)c3)nn2)[C@H]1O,Kd,23.0,nM,7.64,953511,CHEMBL5735737,9,CHEMBL4531,CHEMBL5727949,8itz,P17931
CHEMBL6047854,N#Cc1cc(Cl)cc(S[C@H]2OC(CO)[C@H](O)[C@H](n3cc(-c4cc(F)c(F)c(F)c4)nn3)C2O)c1,Kd,41.0,nM,7.39,953512,CHEMBL5735737,9,CHEMBL4531,CHEMBL5727949,8itz,P17931
CHEMBL6037361,N#Cc1ccc(S[C@H]2OC(CO)[C@H](O)[C@H](n3cc(-c4cc(F)c(F)c(F)c4)nn3)C2O)cc1Cl,Kd,31.0,nM,7.51,953513,CHEMBL5735737,9,CHEMBL4531,CHEMBL5727949,8itz,P17931
CHEMBL5843516,N#Cc1cc(F)c(S[C@H]2OC(CO)[C@H](O)[C@H](n3cc(-c4cc(F)c(F)c(F)c4)nn3)C2O)cc1Cl,Kd,29.0,nM,7.54,953514,CHEMBL5735737,9,CHEMBL4531,CHEMBL5727949,8itz,P17931
CHEMBL5915884,N#Cc1ccc(S[C@H]2OC(CO)[C@H](O)[C@H](n3cc(-c4cc(F)c(F)c(F)c4)nn3)C2O)cc1Br,Kd,43.0,nM,7.37,953515,CHEMBL5735737,9,CHEMBL4531,CHEMBL5727949,8itz,P17931
CHEMBL5782173,OCC1O[C@H](Sc2cnc(C(F)(F)F)c(Br)c2)C(O)[C@@H](n2cc(-c3cc(F)c(F)c(F)c3)nn2)[C@H]1O,Kd,23.0,nM,7.64,953516,CHEMBL5735737,9,CHEMBL4531,CHEMBL5727949,8itz,P17931
CHEMBL5989897,N#Cc1ncc(S[C@H]2OC(CO)[C@H](O)[C@H](n3cc(-c4cc(F)c(F)c(F)c4)nn3)C2O)cc1Cl,Kd,39.0,nM,7.41,953517,CHEMBL5735737,9,CHEMBL4531,CHEMBL5727949,8itz,P17931
CHEMBL5927210,N#Cc1nnc(S[C@H]2OC(CO)[C@H](O)[C@H](n3cc(-c4cc(F)c(F)c(F)c4)nn3)C2O)cc1Cl,Kd,54.0,nM,7.27,953518,CHEMBL5735737,9,CHEMBL4531,CHEMBL5727949,8itz,P17931
CHEMBL5891664,OCC1O[C@H](Sc2ccc(Cl)c(Cl)c2)C(O)[C@@H](n2cc(-c3c(F)c(F)c(F)c(F)c3F)nn2)[C@H]1O,Kd,37.0,nM,7.43,953519,CHEMBL5735737,9,CHEMBL4531,CHEMBL5727949,8itz,P17931
CHEMBL5907559,O=S(=O)(c1ccc(Cl)c(Cl)c1)[C@H]1OC(CO)[C@H](O)[C@H](n2cc(-c3c(F)c(F)c(F)c(F)c3F)nn2)C1O,Kd,13.0,nM,7.89,953520,CHEMBL5735737,9,CHEMBL4531,CHEMBL5727949,8itz,P17931
CHEMBL5844178,COc1cc(S[C@H]2OC(CO)[C@H](O)[C@H](n3cc(-c4cc(F)c(F)c(F)c4)nn3)C2O)nnc1C#N,Kd,250.0,nM,6.6,953521,CHEMBL5735737,9,CHEMBL4531,CHEMBL5727949,8itz,P17931
CHEMBL5956762,N#Cc1nnc(S[C@H]2OC(CO)[C@H](O)[C@H](n3cc(-c4cc(F)c(F)c(F)c4)nn3)C2O)cc1O,Kd,940.0,nM,6.03,953522,CHEMBL5735737,9,CHEMBL4531,CHEMBL5727949,8itz,P17931
CHEMBL5962135,OCC1O[C@H](Sc2ccc(F)c(Cl)c2F)C(O)[C@@H](n2cc(-c3cc(F)c(F)c(F)c3)nn2)[C@H]1O,Kd,150.0,nM,6.82,953523,CHEMBL5735737,9,CHEMBL4531,CHEMBL5727949,8itz,P17931
CHEMBL5938877,OCC1O[C@H](Sc2ccc(Cl)c(Cl)c2)C(O)[C@@H](n2cc(-c3ccccc3)nn2)[C@H]1O,Kd,1450.0,nM,5.84,953524,CHEMBL5735737,9,CHEMBL4531,CHEMBL5727949,8itz,P17931
CHEMBL5953218,OCC1O[C@H](Sc2cc(Cl)c(F)c(Cl)c2)C(O)[C@@H](n2cc(-c3cc(F)c(F)c(F)c3)nn2)[C@H]1O,Kd,18.0,nM,7.75,953525,CHEMBL5735737,9,CHEMBL4531,CHEMBL5727949,8itz,P17931
CHEMBL5917420,OCC1O[C@H](Sc2cc(Cl)c(Cl)cc2F)C(O)[C@@H](n2cc(-c3cc(F)c(F)c(F)c3)nn2)[C@H]1O,Kd,27.0,nM,7.57,953526,CHEMBL5735737,9,CHEMBL4531,CHEMBL5727949,8itz,P17931
CHEMBL5777072,OCC1O[C@H](Sc2ccc(F)c(Br)c2)C(O)[C@@H](n2cc(-c3cc(F)c(F)c(F)c3)nn2)[C@H]1O,Kd,24.0,nM,7.62,953527,CHEMBL5735737,9,CHEMBL4531,CHEMBL5727949,8itz,P17931
CHEMBL5991788,OCC1O[C@H](Sc2ccc(C(F)(F)F)c(Cl)c2)C(O)[C@@H](n2cc(-c3cc(F)c(F)c(F)c3)nn2)[C@H]1O,Kd,31.0,nM,7.51,953528,CHEMBL5735737,9,CHEMBL4531,CHEMBL5727949,8itz,P17931
CHEMBL5995751,OCC1O[C@H](Sc2cc(Cl)c(Cl)c(Cl)c2)C(O)[C@@H](n2cc(-c3cc(F)c(F)c(F)c3)nn2)[C@H]1O,Kd,34.0,nM,7.47,953529,CHEMBL5735737,9,CHEMBL4531,CHEMBL5727949,8itz,P17931
CHEMBL5880296,OCC1O[C@H](Sc2cc(Cl)ccc2F)C(O)[C@@H](n2cc(-c3cc(F)c(F)c(F)c3)nn2)[C@H]1O,Kd,46.0,nM,7.34,953530,CHEMBL5735737,9,CHEMBL4531,CHEMBL5727949,8itz,P17931
CHEMBL5916922,OCC1O[C@H](Sc2cc(Br)ccc2F)C(O)[C@@H](n2cc(-c3cc(F)c(F)c(F)c3)nn2)[C@H]1O,Kd,47.0,nM,7.33,953531,CHEMBL5735737,9,CHEMBL4531,CHEMBL5727949,8itz,P17931
CHEMBL5786236,OCc1ccc(Cl)cc1S[C@H]1OC(CO)[C@H](O)[C@H](n2cc(-c3cc(F)c(F)c(F)c3)nn2)C1O,Kd,84.0,nM,7.08,953532,CHEMBL5735737,9,CHEMBL4531,CHEMBL5727949,8itz,P17931
CHEMBL5909668,OCC1O[C@H](Sc2cccc(I)c2)C(O)[C@@H](n2cc(-c3cc(F)c(F)c(F)c3)nn2)[C@H]1O,Kd,90.0,nM,7.05,953533,CHEMBL5735737,9,CHEMBL4531,CHEMBL5727949,8itz,P17931
CHEMBL6021658,NC(=O)c1ccc(S[C@H]2OC(CO)[C@H](O)[C@H](n3cc(-c4cc(F)c(F)c(F)c4)nn3)C2O)cn1,Kd,180.0,nM,6.75,953534,CHEMBL5735737,9,CHEMBL4531,CHEMBL5727949,8itz,P17931
CHEMBL5911036,N#Cc1cccc(S[C@H]2OC(CO)[C@H](O)[C@H](n3cc(-c4cc(F)c(F)c(F)c4)nn3)C2O)c1,Kd,192.0,nM,6.72,953535,CHEMBL5735737,9,CHEMBL4531,CHEMBL5727949,8itz,P17931
CHEMBL5818139,N#Cc1ccc(S[C@H]2OC(CO)[C@H](O)[C@H](n3cc(-c4cc(F)c(F)c(F)c4)nn3)C2O)cn1,Kd,260.0,nM,6.58,953536,CHEMBL5735737,9,CHEMBL4531,CHEMBL5727949,8itz,P17931
CHEMBL5784647,OCC1O[C@H](Sc2cc(Cl)cs2)C(O)[C@@H](n2cc(-c3cc(F)c(F)c(F)c3)nn2)[C@H]1O,Kd,330.0,nM,6.48,953537,CHEMBL5735737,9,CHEMBL4531,CHEMBL5727949,8itz,P17931
CHEMBL5883313,O=C(O)c1cccc(S[C@H]2OC(CO)[C@H](O)[C@H](n3cc(-c4cc(F)c(F)c(F)c4)nn3)C2O)c1,Kd,350.0,nM,6.46,953538,CHEMBL5735737,9,CHEMBL4531,CHEMBL5727949,8itz,P17931
CHEMBL5893483,NC(=O)c1cccc(S[C@H]2OC(CO)[C@H](O)[C@H](n3cc(-c4cc(F)c(F)c(F)c4)nn3)C2O)c1,Kd,380.0,nM,6.42,953539,CHEMBL5735737,9,CHEMBL4531,CHEMBL5727949,8itz,P17931
CHEMBL6019477,OCC1O[C@H](Sc2ccc(Cl)c(Cl)c2)C(O)[C@@H](n2cc(-c3ccc(F)c(F)c3)nn2)[C@H]1O,Kd,110.0,nM,6.96,953540,CHEMBL5735737,9,CHEMBL4531,CHEMBL5727949,8itz,P17931
CHEMBL6054907,OCC1O[C@H](Sc2ccc(Cl)c(Cl)c2)C(O)[C@@H](n2cc(-c3cc(F)cc(F)c3)nn2)[C@H]1O,Kd,110.0,nM,6.96,953541,CHEMBL5735737,9,CHEMBL4531,CHEMBL5727949,8itz,P17931
CHEMBL5826487,OCC1O[C@H](Sc2ccc(Cl)c(Cl)c2)C(O)[C@@H](n2cc(-c3cccc(F)c3)nn2)[C@H]1O,Kd,140.0,nM,6.85,953542,CHEMBL5735737,9,CHEMBL4531,CHEMBL5727949,8itz,P17931
CHEMBL5932357,OCC1O[C@H](SC2CCCC(F)(F)C2)C(O)[C@@H](n2cc(-c3cc(F)c(F)c(F)c3)nn2)[C@H]1O,Kd,240.0,nM,6.62,953543,CHEMBL5735737,9,CHEMBL4531,CHEMBL5727949,8itz,P17931
CHEMBL5913668,CCCCS[C@H]1OC(CO)[C@H](O)[C@H](n2cc(-c3cc(F)c(F)c(F)c3)nn2)C1O,Kd,450.0,nM,6.35,953544,CHEMBL5735737,9,CHEMBL4531,CHEMBL5727949,8itz,P17931
CHEMBL5739602,COc1c(F)cc(-c2cn([C@@H]3C(O)[C@@H](Sc4ccc(Cl)c(Cl)c4)OC(CO)[C@@H]3O)nn2)cc1F,Kd,470.0,nM,6.33,953545,CHEMBL5735737,9,CHEMBL4531,CHEMBL5727949,8itz,P17931
CHEMBL5756077,O=c1cc(S[C@H]2OC(CO)[C@H](O)[C@H](n3cc(-c4cc(F)c(F)c(F)c4)nn3)C2O)cc[nH]1,Kd,510.0,nM,6.29,953546,CHEMBL5735737,9,CHEMBL4531,CHEMBL5727949,8itz,P17931
CHEMBL5809669,OCC1O[C@H](SCCc2ccccc2Cl)C(O)[C@@H](n2cc(-c3cc(F)c(F)c(F)c3)nn2)[C@H]1O,Kd,750.0,nM,6.12,953547,CHEMBL5735737,9,CHEMBL4531,CHEMBL5727949,8itz,P17931
CHEMBL5873810,OCC1O[C@H](SCCc2ccc(Cl)cc2)C(O)[C@@H](n2cc(-c3cc(F)c(F)c(F)c3)nn2)[C@H]1O,Kd,760.0,nM,6.12,953548,CHEMBL5735737,9,CHEMBL4531,CHEMBL5727949,8itz,P17931
CHEMBL6046261,OCC1O[C@H](SCc2ccccc2Cl)C(O)[C@@H](n2cc(-c3cc(F)c(F)c(F)c3)nn2)[C@H]1O,Kd,770.0,nM,6.11,953549,CHEMBL5735737,9,CHEMBL4531,CHEMBL5727949,8itz,P17931
CHEMBL5853256,OCC1O[C@H](SCc2ccc(Cl)c(Cl)c2)C(O)[C@@H](n2cc(-c3cc(F)c(F)c(F)c3)nn2)[C@H]1O,Kd,790.0,nM,6.1,953550,CHEMBL5735737,9,CHEMBL4531,CHEMBL5727949,8itz,P17931
CHEMBL5876609,OCC1O[C@H](SCCc2cccc(Cl)c2)C(O)[C@@H](n2cc(-c3cc(F)c(F)c(F)c3)nn2)[C@H]1O,Kd,820.0,nM,6.09,953551,CHEMBL5735737,9,CHEMBL4531,CHEMBL5727949,8itz,P17931
CHEMBL5774721,OCC1O[C@H](SCc2ccc(Cl)cc2)C(O)[C@@H](n2cc(-c3cc(F)c(F)c(F)c3)nn2)[C@H]1O,Kd,950.0,nM,6.02,953552,CHEMBL5735737,9,CHEMBL4531,CHEMBL5727949,8itz,P17931
CHEMBL5985444,CCCS[C@H]1OC(CO)[C@H](O)[C@H](n2cc(-c3cc(F)c(F)c(F)c3)nn2)C1O,Kd,980.0,nM,6.01,953553,CHEMBL5735737,9,CHEMBL4531,CHEMBL5727949,8itz,P17931
CHEMBL5882484,Nc1cc(S[C@H]2OC(CO)[C@H](O)[C@H](n3cc(-c4cc(F)c(F)c(F)c4)nn3)C2O)ccn1,Kd,990.0,nM,6.0,953554,CHEMBL5735737,9,CHEMBL4531,CHEMBL5727949,8itz,P17931
CHEMBL5796935,CN(C)c1cccc2cc(S[C@H]3OC(CO)[C@H](O)[C@H](n4cc(-c5cc(F)c(F)c(F)c5)nn4)C3O)ccc12,Kd,1060.0,nM,5.97,953555,CHEMBL5735737,9,CHEMBL4531,CHEMBL5727949,8itz,P17931
CHEMBL5797157,CCS[C@H]1OC(CO)[C@H](O)[C@H](n2cc(-c3cc(F)c(F)c(F)c3)nn2)C1O,Kd,1100.0,nM,5.96,953556,CHEMBL5735737,9,CHEMBL4531,CHEMBL5727949,8itz,P17931
CHEMBL6023166,[O-][S+](c1cncc(Br)c1)[C@@H]1OC(CO)[C@H](O)[C@H](n2cc(-c3cc(F)c(F)c(F)c3)nn2)C1O,Kd,28.0,nM,7.55,953557,CHEMBL5735737,9,CHEMBL4531,CHEMBL5727949,8itz,P17931
CHEMBL5855340,[O-][S+](c1cncc(Br)c1)[C@H]1OC(CO)[C@H](O)[C@H](n2cc(-c3cc(F)c(F)c(F)c3)nn2)C1O,Kd,130.0,nM,6.89,953558,CHEMBL5735737,9,CHEMBL4531,CHEMBL5727949,8itz,P17931
CHEMBL6063691,O=S(=O)(c1cncc(Br)c1)[C@H]1OC(CO)[C@H](O)[C@H](n2cc(-c3cc(F)c(F)c(F)c3)nn2)C1O,Kd,31.0,nM,7.51,953559,CHEMBL5735737,9,CHEMBL4531,CHEMBL5727949,8itz,P17931
CHEMBL5818211,[O-][S+](c1cncc(Cl)c1)[C@H]1OC(CO)[C@H](O)[C@H](n2cc(-c3cc(F)c(F)c(F)c3)nn2)C1O,Kd,106.0,nM,6.97,953560,CHEMBL5735737,9,CHEMBL4531,CHEMBL5727949,8itz,P17931
CHEMBL5856140,[O-][S+](c1cncc(Cl)c1)[C@@H]1OC(CO)[C@H](O)[C@H](n2cc(-c3cc(F)c(F)c(F)c3)nn2)C1O,Kd,41.0,nM,7.39,953561,CHEMBL5735737,9,CHEMBL4531,CHEMBL5727949,8itz,P17931
CHEMBL5911431,CN(C)c1cccc2cc(S(=O)(=O)[C@H]3OC(CO)[C@H](O)[C@H](n4cc(-c5cc(F)c(F)c(F)c5)nn4)C3O)ccc12,Kd,960.0,nM,6.02,953562,CHEMBL5735737,9,CHEMBL4531,CHEMBL5727949,8itz,P17931
CHEMBL6016715,O=C(N[C@@H]1C(O)[C@@H](Sc2ccc(Cl)c(Cl)c2)OC(CO)[C@@H]1O)c1cc(F)c(F)c(F)c1,Kd,3500.0,nM,5.46,953563,CHEMBL5735737,9,CHEMBL4531,CHEMBL5727949,8itz,P17931
CHEMBL5840368,CCOC(=O)c1cn([C@@H]2C(O)[C@@H](Sc3ccc(Cl)c(Cl)c3)OC(CO)[C@@H]2O)nn1,Kd,3500.0,nM,5.46,953564,CHEMBL5735737,9,CHEMBL4531,CHEMBL5727949,8itz,P17931
CHEMBL5809472,O=C(NCC(F)(F)F)c1cn([C@@H]2C(O)[C@@H](Sc3ccc(Cl)c(Cl)c3)OC(CO)[C@@H]2O)nn1,Kd,560.0,nM,6.25,953565,CHEMBL5735737,9,CHEMBL4531,CHEMBL5727949,8itz,P17931
CHEMBL5877685,O=c1oc2ccc(F)c(F)c2cc1CO[C@@H]1C(O)[C@@H](Sc2ccc(Cl)c(Cl)c2)OC(CO)[C@@H]1O,Kd,920.0,nM,6.04,953566,CHEMBL5735737,9,CHEMBL4531,CHEMBL5727949,8itz,P17931
CHEMBL5825572,OCC1O[C@H](Sc2cncc(Cl)c2)C(O)[C@@H](n2cc(-c3ccc(F)c(F)c3)nn2)[C@H]1O,Kd,100.0,nM,7.0,953567,CHEMBL5735737,9,CHEMBL4531,CHEMBL5727949,8itz,P17931
CHEMBL5900897,OCC1O[C@H](Sc2cncc(Br)c2)C(O)[C@@H](n2cc(-c3ccc(F)c(F)c3)nn2)[C@H]1O,Kd,47.0,nM,7.33,953568,CHEMBL5735737,9,CHEMBL4531,CHEMBL5727949,8itz,P17931
CHEMBL6059180,CCCC(=O)c1cn([C@@H]2C(O)[C@@H](Sc3ccc(Cl)c(Cl)c3)OC(CO)[C@@H]2O)nn1,Kd,1010.0,nM,6.0,953569,CHEMBL5735737,9,CHEMBL4531,CHEMBL5727949,8itz,P17931
CHEMBL5778821,OCC1O[C@H](Sc2cnc(C(F)(F)F)c(Cl)c2)C(O)[C@@H](n2cc(-c3cc(F)c(F)c(F)c3)nn2)[C@H]1O,Kd,26.0,nM,7.58,953570,CHEMBL5735737,9,CHEMBL4531,CHEMBL5727949,8itz,P17931
CHEMBL5940572,OCC1O[C@H](Sc2cc(Cl)cnc2C(F)(F)F)C(O)[C@@H](n2cc(-c3cc(F)c(F)c(F)c3)nn2)[C@H]1O,Kd,93.0,nM,7.03,953571,CHEMBL5735737,9,CHEMBL4531,CHEMBL5727949,8itz,P17931
CHEMBL6025241,N#Cc1ncc(S[C@H]2OC(CO)[C@H](O)[C@H](n3cc(-c4ccc(F)c(F)c4)nn3)C2O)cc1Cl,Kd,74.0,nM,7.13,953572,CHEMBL5735737,9,CHEMBL4531,CHEMBL5727949,8itz,P17931
CHEMBL5956717,N#Cc1ccc(S[C@H]2OC(CO)[C@H](O)[C@H](n3cc(-c4ccc(F)c(F)c4)nn3)C2O)cc1Cl,Kd,83.0,nM,7.08,953573,CHEMBL5735737,9,CHEMBL4531,CHEMBL5727949,8itz,P17931
CHEMBL5900641,O=c1oc2ccc(F)c(F)c2cc1COC1C(O)[C@@H](CO)OC(S[C@@H]2OC(CO)[C@H](O)[C@H](n3cc(-c4cccc(F)c4)nn3)C2O)[C@@H]1O,Kd,28.0,nM,7.55,967059,CHEMBL5735901,9,CHEMBL4531,CHEMBL5728040,8itz,P17931
CHEMBL5786235,O=c1oc2ccc(F)c(F)c2cc1COC1C(O)[C@@H](CO)OC(S[C@@H]2OC(CO)[C@H](O)[C@H](n3cc(-c4cc(F)c(F)c(F)c4)nn3)C2O)[C@@H]1O,Kd,2.0,nM,8.7,967061,CHEMBL5735901,9,CHEMBL4531,CHEMBL5728040,8itz,P17931
CHEMBL6019302,CCCCNC(=O)c1cn([C@@H]2C(O)[C@H](SC3O[C@H](CO)C(O)C(OCc4cc5c(F)c(F)ccc5oc4=O)[C@H]3O)OC(CO)[C@@H]2O)nn1,Kd,72.0,nM,7.14,967063,CHEMBL5735901,9,CHEMBL4531,CHEMBL5728040,8itz,P17931
CHEMBL5820894,CCCCNC(=O)c1cn(C2C(O)[C@@H](CO)OC(S[C@@H]3OC(CO)[C@H](O)[C@H](n4cc(-c5cc(F)c(F)c(F)c5)nn4)C3O)[C@@H]2O)nn1,Kd,1.0,nM,9.0,967065,CHEMBL5735901,9,CHEMBL4531,CHEMBL5728040,8itz,P17931
CHEMBL5746404,COc1c(F)c(F)c(C(=O)N[C@@H]2C(O)[C@H](S[C@H]3O[C@H](CO)C(O)C(n4cc(-c5cccc(F)c5)nn4)C3OC(C)=O)OC(CO)[C@@H]2O)c(F)c1F,Kd,7.0,nM,8.15,967067,CHEMBL5735901,9,CHEMBL4531,CHEMBL5728040,8itz,P17931
CHEMBL6060576,CC(C)(C)c1c2ccccc2c(C(=O)NC2C(O)[C@@H](CO)OC(S[C@@H]3OC(CO)[C@H](O)[C@H](n4cc(-c5cccc(F)c5)nn4)C3O)[C@@H]2O)c2ccccc12,Kd,64.0,nM,7.19,967069,CHEMBL5735901,9,CHEMBL4531,CHEMBL5728040,8itz,P17931
CHEMBL5896342,CC(C)(C)c1ccc2c(C(=O)NC3C(O)[C@@H](CO)OC(S[C@@H]4OC(CO)[C@H](O)[C@H](n5cc(-c6cccc(F)c6)nn5)C4O)[C@@H]3O)c3ccccc3cc2c1,Kd,140.0,nM,6.85,967071,CHEMBL5735901,9,CHEMBL4531,CHEMBL5728040,8itz,P17931
CHEMBL5971640,OCC1O[C@@H](SC2O[C@H](CO)C(O)C(n3cc(-c4ccccc4)nn3)[C@H]2O)C(O)[C@@H](n2cc(-c3cc(F)c(F)c(F)c3)nn2)[C@H]1O,Kd,3.0,nM,8.52,967073,CHEMBL5735901,9,CHEMBL4531,CHEMBL5728040,8itz,P17931
CHEMBL5926251,OCC1O[C@@H](S[C@@H]2O[C@H](CO)C(O)C(n3cc(-c4cccc(F)c4)nn3)[C@H]2O)C(O)[C@@H](n2cc(-c3cccc(F)c3)nn2)[C@H]1O,Kd,1.0,nM,9.0,967075,CHEMBL5735901,9,CHEMBL4531,CHEMBL5728040,8itz,P17931
CHEMBL5926251,OCC1O[C@@H](S[C@@H]2O[C@H](CO)C(O)C(n3cc(-c4cccc(F)c4)nn3)[C@H]2O)C(O)[C@@H](n2cc(-c3cccc(F)c3)nn2)[C@H]1O,Kd,1.0,nM,9.0,967075,CHEMBL5735901,9,CHEMBL4531,CHEMBL5728040,8itz,P17931
CHEMBL5919610,OCC1O[C@@H](SC2O[C@H](CO)C(O)C(n3cc(-c4ccc(F)c(F)c4)nn3)[C@H]2O)C(O)[C@@H](n2cc(-c3ccc(F)c(F)c3)nn2)[C@H]1O,Kd,3.0,nM,8.52,967077,CHEMBL5735903,9,CHEMBL4531,CHEMBL5728040,8itz,P17931
CHEMBL5853208,OCC1O[C@@H](SC2O[C@H](CO)C(O)C(n3cc(-c4cc(F)c(F)c(F)c4)nn3)[C@H]2O)C(O)[C@@H](n2cc(-c3cc(F)c(F)c(F)c3)nn2)[C@H]1O,Kd,1.0,nM,9.0,967079,CHEMBL5735903,9,CHEMBL4531,CHEMBL5728040,8itz,P17931
CHEMBL5971766,OCC1O[C@@H](SC2O[C@H](CO)C(O)C(n3cc(-c4cc(F)cc(F)c4)nn3)[C@H]2O)C(O)[C@@H](n2cc(-c3cc(F)cc(F)c3)nn2)[C@H]1O,Kd,2.0,nM,8.7,967081,CHEMBL5735903,9,CHEMBL4531,CHEMBL5728040,8itz,P17931
CHEMBL5926251,OCC1O[C@@H](S[C@@H]2O[C@H](CO)C(O)C(n3cc(-c4cccc(F)c4)nn3)[C@H]2O)C(O)[C@@H](n2cc(-c3cccc(F)c3)nn2)[C@H]1O,Kd,1.0,nM,9.0,967083,CHEMBL5735901,9,CHEMBL4531,CHEMBL5728040,8itz,P17931
CHEMBL5926251,OCC1O[C@@H](S[C@@H]2O[C@H](CO)C(O)C(n3cc(-c4cccc(F)c4)nn3)[C@H]2O)C(O)[C@@H](n2cc(-c3cccc(F)c3)nn2)[C@H]1O,Kd,1.0,nM,9.0,967083,CHEMBL5735901,9,CHEMBL4531,CHEMBL5728040,8itz,P17931
CHEMBL5898785,N#Cc1cnc(C[C@H]2OC(CO)[C@H](O)[C@H](n3cc(-c4cc(F)c(F)c(F)c4)nn3)C2O)cc1Br,Kd,27.0,nM,7.57,993944,CHEMBL5736322,9,CHEMBL4531,CHEMBL5728221,8itz,P17931
CHEMBL5828477,N#Cc1cnc(S[C@H]2OC(CO)[C@H](O)[C@H](n3cc(-c4cc(F)c(F)c(F)c4)nn3)C2O)cc1Cl,Kd,57.0,nM,7.24,993945,CHEMBL5736322,9,CHEMBL4531,CHEMBL5728221,8itz,P17931
CHEMBL6020743,OCC1O[C@H](Sc2ccnc(Cl)c2)C(O)[C@@H](n2cc(-c3cc(F)c(F)c(F)c3)nn2)[C@H]1O,Kd,86.0,nM,7.07,993946,CHEMBL5736322,9,CHEMBL4531,CHEMBL5728221,8itz,P17931
CHEMBL5939921,N#Cc1ncc(Cl)cc1S[C@H]1OC(CO)[C@H](O)[C@H](n2cc(-c3cc(F)c(F)c(F)c3)nn2)C1O,Kd,29.0,nM,7.54,993947,CHEMBL5736322,9,CHEMBL4531,CHEMBL5728221,8itz,P17931
CHEMBL5930847,N#Cc1ncc(S[C@H]2OC(CO)[C@H](O)[C@H](n3cc(-c4cc(F)c(F)c(F)c4)nn3)C2O)cc1Br,Kd,22.0,nM,7.66,993948,CHEMBL5736322,9,CHEMBL4531,CHEMBL5728221,8itz,P17931
CHEMBL6046958,N#Cc1ncc(Br)cc1S[C@H]1OC(CO)[C@H](O)[C@H](n2cc(-c3cc(F)c(F)c(F)c3)nn2)C1O,Kd,22.0,nM,7.66,993949,CHEMBL5736322,9,CHEMBL4531,CHEMBL5728221,8itz,P17931
CHEMBL6017348,OCC1O[C@H](Sc2cc(Cl)ccn2)C(O)[C@@H](n2cc(-c3cc(F)c(F)c(F)c3)nn2)[C@H]1O,Kd,120.0,nM,6.92,993950,CHEMBL5736322,9,CHEMBL4531,CHEMBL5728221,8itz,P17931
CHEMBL6016369,OCC1O[C@H](Sc2cncc(Br)c2)C(O)[C@@H](n2cc(-c3cc(F)c(Cl)c(F)c3)nn2)[C@H]1O,Kd,15.0,nM,7.82,993951,CHEMBL5736322,9,CHEMBL4531,CHEMBL5728221,8itz,P17931
CHEMBL5769699,OCC1O[C@H](Sc2cncc(Cl)c2)C(O)[C@@H](n2cc(-c3cc(F)c(Cl)c(F)c3)nn2)[C@H]1O,Kd,22.0,nM,7.66,993952,CHEMBL5736322,9,CHEMBL4531,CHEMBL5728221,8itz,P17931
CHEMBL5751386,N#Cc1ncc(S[C@H]2OC(CO)[C@H](O)[C@H](n3cc(-c4cc(F)c(Cl)c(F)c4)nn3)C2O)cc1Cl,Kd,18.0,nM,7.75,993953,CHEMBL5736322,9,CHEMBL4531,CHEMBL5728221,8itz,P17931
CHEMBL5885450,N#Cc1ncc(Br)cc1S[C@H]1OC(CO)[C@H](O)[C@H](n2cc(-c3cc(F)c(Cl)c(F)c3)nn2)C1O,Kd,11.0,nM,7.96,993954,CHEMBL5736322,9,CHEMBL4531,CHEMBL5728221,8itz,P17931
CHEMBL5952605,N#Cc1ncc(S[C@H]2OC(CO)[C@H](O)[C@H](n3cc(-c4cc(F)c(Cl)c(F)c4)nn3)C2O)cc1Br,Kd,16.0,nM,7.8,993955,CHEMBL5736322,9,CHEMBL4531,CHEMBL5728221,8itz,P17931
CHEMBL6002284,N#Cc1ncc(Cl)cc1S[C@H]1OC(CO)[C@H](O)[C@H](n2cc(-c3cc(F)c(Cl)c(F)c3)nn2)C1O,Kd,11.0,nM,7.96,993956,CHEMBL5736322,9,CHEMBL4531,CHEMBL5728221,8itz,P17931
CHEMBL5979983,N#Cc1c(F)cc(-c2cn([C@@H]3C(O)[C@@H](Sc4cncc(Cl)c4)OC(CO)[C@@H]3O)nn2)cc1F,Kd,180.0,nM,6.75,993957,CHEMBL5736322,9,CHEMBL4531,CHEMBL5728221,8itz,P17931
CHEMBL5842753,OCC1O[C@H](Sc2cncc(Cl)c2)C(O)[C@@H](n2cc(-c3cc(F)c(C(F)(F)F)c(F)c3)nn2)[C@H]1O,Kd,97.0,nM,7.01,993958,CHEMBL5736322,9,CHEMBL4531,CHEMBL5728221,8itz,P17931
CHEMBL5955080,Cc1c(F)cc(-c2cn([C@@H]3C(O)[C@@H](Sc4cncc(Cl)c4)OC(CO)[C@@H]3O)nn2)cc1F,Kd,18.0,nM,7.75,993959,CHEMBL5736322,9,CHEMBL4531,CHEMBL5728221,8itz,P17931
CHEMBL6018758,OCC1O[C@H](Sc2cncc(Cl)c2)C(O)[C@@H](n2cc(-c3cc(F)c(Br)c(F)c3)nn2)[C@H]1O,Kd,28.0,nM,7.55,993960,CHEMBL5736322,9,CHEMBL4531,CHEMBL5728221,8itz,P17931
CHEMBL5880194,OCC1O[C@H](Sc2cncc(Cl)c2)C(O)[C@@H](n2cc(-c3cc(F)c(Cl)c(Cl)c3)nn2)[C@H]1O,Kd,27.0,nM,7.57,993961,CHEMBL5736322,9,CHEMBL4531,CHEMBL5728221,8itz,P17931
CHEMBL5814067,OCC1O[C@H](Sc2cncc(Cl)c2)C(O)[C@@H](n2cc(-c3ccc(Cl)c(F)c3)nn2)[C@H]1O,Kd,34.0,nM,7.47,993962,CHEMBL5736322,9,CHEMBL4531,CHEMBL5728221,8itz,P17931
CHEMBL6024722,OCC1O[C@H](Sc2ccc(Cl)c(Cl)c2)C(O)[C@@H](n2cc(-c3cncc(F)c3)nn2)[C@H]1O,Kd,750.0,nM,6.12,993963,CHEMBL5736322,9,CHEMBL4531,CHEMBL5728221,8itz,P17931
CHEMBL5900673,OCC1O[C@H](Sc2cncc(Cl)c2)C(O)[C@@H](n2cc(-c3ccc(Cl)c(Cl)c3)nn2)[C@H]1O,Kd,31.0,nM,7.51,993964,CHEMBL5736322,9,CHEMBL4531,CHEMBL5728221,8itz,P17931
CHEMBL6049566,OCC1O[C@H](Sc2ccc(Cl)c(Cl)c2)C(O)[C@@H](n2cc(-c3cncc(Cl)c3)nn2)[C@H]1O,Kd,694.0,nM,6.16,993965,CHEMBL5736322,9,CHEMBL4531,CHEMBL5728221,8itz,P17931
CHEMBL6045209,OCC1O[C@H](Sc2ccc(Cl)c(Cl)c2)C(O)[C@@H](n2cc(-c3ccsc3)nn2)[C@H]1O,Kd,2600.0,nM,5.58,1029874,CHEMBL5736744,9,CHEMBL4531,CHEMBL5728435,8itz,P17931
CHEMBL6005945,N#Cc1cc(F)c(S[C@H]2OC(CO)[C@H](O)[C@H](n3cc(-c4ccsc4)nn3)C2O)cc1Cl,Kd,1950.0,nM,5.71,1029876,CHEMBL5736744,9,CHEMBL4531,CHEMBL5728435,8itz,P17931
CHEMBL5914231,OCC1O[C@H](Sc2cncc(Br)c2)C(O)[C@@H](n2cc(-c3ccsc3)nn2)[C@H]1O,Kd,1700.0,nM,5.77,1029878,CHEMBL5736744,9,CHEMBL4531,CHEMBL5728435,8itz,P17931
CHEMBL5976177,OCC1O[C@H](Sc2cnc(C(F)(F)F)c(Br)c2)C(O)[C@@H](n2cc(-c3ccsc3)nn2)[C@H]1O,Kd,1200.0,nM,5.92,1029880,CHEMBL5736744,9,CHEMBL4531,CHEMBL5728435,8itz,P17931
CHEMBL6053930,OCC1O[C@H](Sc2cc(Cl)c(F)c(Cl)c2)C(O)[C@@H](n2cc(-c3nccs3)nn2)[C@H]1O,Kd,10000.0,nM,5.0,1029882,CHEMBL5736744,9,CHEMBL4531,CHEMBL5728435,8itz,P17931
CHEMBL5990220,OCC1O[C@H](Sc2ccc(Cl)c(Cl)c2)C(O)[C@@H](n2cc(-c3ccc(F)cn3)nn2)[C@H]1O,Kd,690.0,nM,6.16,1029884,CHEMBL5736744,9,CHEMBL4531,CHEMBL5728435,8itz,P17931
CHEMBL5860002,OCC1O[C@H](Sc2cncc(Br)c2)C(O)[C@@H](n2cc(-c3cccs3)nn2)[C@H]1O,Kd,1250.0,nM,5.9,1029886,CHEMBL5736744,9,CHEMBL4531,CHEMBL5728435,8itz,P17931
CHEMBL5947777,OCC1O[C@H](Sc2cc(Cl)c(F)c(Cl)c2)C(O)[C@@H](n2cc(-c3cccs3)nn2)[C@H]1O,Kd,2300.0,nM,5.64,1029888,CHEMBL5736744,9,CHEMBL4531,CHEMBL5728435,8itz,P17931
CHEMBL5873629,OCC1O[C@H](Sc2ccc(Cl)c(Cl)c2)C(O)[C@@H](n2cc(-c3ccc(F)s3)nn2)[C@H]1O,Kd,970.0,nM,6.01,1029890,CHEMBL5736744,9,CHEMBL4531,CHEMBL5728435,8itz,P17931
CHEMBL5986168,OCC1O[C@H](Sc2cncc(Br)c2)C(O)[C@@H](n2cc(-c3cscn3)nn2)[C@H]1O,Kd,4100.0,nM,5.39,1029892,CHEMBL5736744,9,CHEMBL4531,CHEMBL5728435,8itz,P17931
CHEMBL5797288,OCC1O[C@H](Sc2cnc(C(F)(F)F)c(Br)c2)C(O)[C@@H](n2cc(-c3cscn3)nn2)[C@H]1O,Kd,2900.0,nM,5.54,1029894,CHEMBL5736744,9,CHEMBL4531,CHEMBL5728435,8itz,P17931
CHEMBL5821596,OCC1O[C@H](Sc2ccc(Cl)c(Cl)c2)C(O)[C@@H](n2cc(-c3cscn3)nn2)[C@H]1O,Kd,5300.0,nM,5.28,1029896,CHEMBL5736744,9,CHEMBL4531,CHEMBL5728435,8itz,P17931
CHEMBL5807317,N#Cc1ccc(S[C@H]2OC(CO)[C@H](O)[C@H](n3cc(-c4cscn4)nn3)C2O)cc1Cl,Kd,6100.0,nM,5.21,1029898,CHEMBL5736744,9,CHEMBL4531,CHEMBL5728435,8itz,P17931
CHEMBL5746182,OCC1O[C@H](Sc2cc(Cl)c(F)c(Cl)c2)C(O)[C@@H](n2cc(-c3cscn3)nn2)[C@H]1O,Kd,6200.0,nM,5.21,1029900,CHEMBL5736744,9,CHEMBL4531,CHEMBL5728435,8itz,P17931
CHEMBL5976809,Cc1nc(-c2cn([C@@H]3C(O)[C@@H](Sc4cncc(Br)c4)OC(CO)[C@@H]3O)nn2)cs1,Kd,3200.0,nM,5.5,1029902,CHEMBL5736744,9,CHEMBL4531,CHEMBL5728435,8itz,P17931
CHEMBL5961788,N#Cc1c(Cl)cc(S[C@H]2OC(CO)[C@H](O)[C@H](n3cc(-c4nccs4)nn3)C2O)cc1Cl,Kd,12000.0,nM,4.92,1029904,CHEMBL5736744,9,CHEMBL4531,CHEMBL5728435,8itz,P17931
CHEMBL5739718,OCC1O[C@H](Sc2cc(Cl)c(Cl)c(Cl)c2)C(O)[C@@H](n2cc(-c3nccs3)nn2)[C@H]1O,Kd,1300.0,nM,5.89,1029906,CHEMBL5736744,9,CHEMBL4531,CHEMBL5728435,8itz,P17931
CHEMBL5924912,OCC1O[C@H](Sc2ccc(Cl)c(Cl)c2)C(O)[C@@H](n2cc(-c3nccs3)nn2)[C@H]1O,Kd,4100.0,nM,5.39,1029908,CHEMBL5736744,9,CHEMBL4531,CHEMBL5728435,8itz,P17931
CHEMBL6040408,OCC1O[C@H](Sc2cc(Cl)c(Cl)c(Cl)c2)C(O)[C@@H](n2cc(-c3nncs3)nn2)[C@H]1O,Kd,4400.0,nM,5.36,1029910,CHEMBL5736744,9,CHEMBL4531,CHEMBL5728435,8itz,P17931
CHEMBL5751728,OCC1O[C@H](Sc2cncc(Br)c2)C(O)[C@@H](n2cc(-c3nccs3)nn2)[C@H]1O,Kd,4600.0,nM,5.34,1029912,CHEMBL5736744,9,CHEMBL4531,CHEMBL5728435,8itz,P17931
CHEMBL5951041,OCC1O[C@H](Sc2cncc(Cl)c2)C(O)[C@@H](n2cc(-c3nccs3)nn2)[C@H]1O,Kd,1800.0,nM,5.75,1029914,CHEMBL5736744,9,CHEMBL4531,CHEMBL5728435,8itz,P17931
CHEMBL6061278,[C-]#[N+]c1ncc(Br)cc1S[C@H]1OC(CO)[C@H](O)[C@H](n2cc(-c3nccs3)nn2)C1O,Kd,1200.0,nM,5.92,1029916,CHEMBL5736744,9,CHEMBL4531,CHEMBL5728435,8itz,P17931
CHEMBL5982220,N#Cc1ncc(S[C@H]2OC(CO)[C@H](O)[C@H](n3cc(-c4nccs4)nn3)C2O)cc1Cl,Kd,4400.0,nM,5.36,1029918,CHEMBL5736744,9,CHEMBL4531,CHEMBL5728435,8itz,P17931
CHEMBL5749392,OCC1O[C@H](Sc2cc(Cl)cc(Cl)c2)C(O)[C@@H](n2cc(-c3nccs3)nn2)[C@H]1O,Kd,1600.0,nM,5.8,1029920,CHEMBL5736744,9,CHEMBL4531,CHEMBL5728435,8itz,P17931
CHEMBL5949596,OCC1O[C@H](Sc2ccc(Cl)c(Br)c2)C(O)[C@@H](n2cc(-c3nccs3)nn2)[C@H]1O,Kd,4400.0,nM,5.36,1029922,CHEMBL5736744,9,CHEMBL4531,CHEMBL5728435,8itz,P17931
CHEMBL5742672,OCC1O[C@H](Sc2cnc(C(F)(F)F)c(Br)c2)C(O)[C@@H](n2cc(-c3nccs3)nn2)[C@H]1O,Kd,2000.0,nM,5.7,1029924,CHEMBL5736744,9,CHEMBL4531,CHEMBL5728435,8itz,P17931
CHEMBL5810288,OCC1O[C@H](Sc2ccc(F)c(Br)c2)C(O)[C@@H](n2cc(-c3nccs3)nn2)[C@H]1O,Kd,4700.0,nM,5.33,1029926,CHEMBL5736744,9,CHEMBL4531,CHEMBL5728435,8itz,P17931
CHEMBL6049997,OCC1O[C@H](Sc2cc(Cl)ccc2Cl)C(O)[C@@H](n2cc(-c3nccs3)nn2)[C@H]1O,Kd,8200.0,nM,5.09,1029928,CHEMBL5736744,9,CHEMBL4531,CHEMBL5728435,8itz,P17931
CHEMBL5901896,OCC1O[C@H](Sc2ccc(Cl)c(Cl)c2)C(O)[C@@H](n2cc(-c3nc(Br)cs3)nn2)[C@H]1O,Kd,810.0,nM,6.09,1029930,CHEMBL5736744,9,CHEMBL4531,CHEMBL5728435,8itz,P17931
CHEMBL5957837,OCC1O[C@H](Sc2ccc(Cl)c(Cl)c2)C(O)[C@@H](n2cc(-c3ncc(F)s3)nn2)[C@H]1O,Kd,1600.0,nM,5.8,1029932,CHEMBL5736744,9,CHEMBL4531,CHEMBL5728435,8itz,P17931
CHEMBL5800472,OCC1O[C@H](SC(/C=C/Cl)=C/C=C/Cl)C(O)[C@@H](n2cc(-c3nc(Cl)cs3)nn2)[C@H]1O,Kd,460.0,nM,6.34,1029934,CHEMBL5736744,9,CHEMBL4531,CHEMBL5728435,8itz,P17931
CHEMBL5805353,OCC1O[C@H](Sc2ccc(Cl)c(Cl)c2)C(O)[C@@H](n2cc(-c3nc(C(F)(F)F)cs3)nn2)[C@H]1O,Kd,210.0,nM,6.68,1029936,CHEMBL5736744,9,CHEMBL4531,CHEMBL5728435,8itz,P17931
CHEMBL5777987,OCC1O[C@H](Sc2cnc(C(F)(F)F)c(Br)c2)C(O)[C@@H](n2cc(-c3nc(Cl)cs3)nn2)[C@H]1O,Kd,250.0,nM,6.6,1065629,CHEMBL5737050,9,CHEMBL4531,CHEMBL5728583,8itz,P17931
CHEMBL5850132,OCC1O[C@H](Sc2cnc(C(F)(F)F)c(Br)c2)C(O)[C@@H](n2cc(-c3nc(Br)cs3)nn2)[C@H]1O,Kd,580.0,nM,6.24,1065631,CHEMBL5737050,9,CHEMBL4531,CHEMBL5728583,8itz,P17931
CHEMBL5871228,N#Cc1ncc(S[C@H]2OC(CO)[C@H](O)[C@H](n3cc(-c4nc(Cl)cs4)nn3)C2O)cc1Cl,Kd,420.0,nM,6.38,1065633,CHEMBL5737050,9,CHEMBL4531,CHEMBL5728583,8itz,P17931
CHEMBL5746410,N#Cc1ncc(Br)cc1S[C@H]1OC(CO)[C@H](O)[C@H](n2cc(-c3nc(Cl)cs3)nn2)C1O,Kd,200.0,nM,6.7,1065635,CHEMBL5737050,9,CHEMBL4531,CHEMBL5728583,8itz,P17931
CHEMBL5837954,N#Cc1ncc(Cl)cc1S[C@H]1OC(CO)[C@H](O)[C@H](n2cc(-c3nc(Cl)cs3)nn2)C1O,Kd,220.0,nM,6.66,1065637,CHEMBL5737050,9,CHEMBL4531,CHEMBL5728583,8itz,P17931
CHEMBL5859811,N#Cc1ncc(S[C@H]2OC(CO)[C@H](O)[C@H](n3cc(-c4nc(Cl)cs4)nn3)C2O)cc1Br,Kd,250.0,nM,6.6,1065639,CHEMBL5737050,9,CHEMBL4531,CHEMBL5728583,8itz,P17931
CHEMBL5807477,OCC1O[C@H](Sc2ccc(Cl)c(Cl)c2)C(O)[C@@H](n2cc(-c3csc(Cl)n3)nn2)[C@H]1O,Kd,1400.0,nM,5.85,1065641,CHEMBL5737050,9,CHEMBL4531,CHEMBL5728583,8itz,P17931
CHEMBL5993674,OCC1O[C@H](Sc2ccc(Cl)c(Cl)c2)C(O)[C@@H](n2cc(-c3nc(O)cs3)nn2)[C@H]1O,Kd,1700.0,nM,5.77,1065643,CHEMBL5737050,9,CHEMBL4531,CHEMBL5728583,8itz,P17931
CHEMBL5858997,OCC1O[C@H](Sc2ccc(Cl)c(Cl)c2)C(O)[C@@H](n2cc(-c3csc(O)n3)nn2)[C@H]1O,Kd,8600.0,nM,5.07,1065645,CHEMBL5737050,9,CHEMBL4531,CHEMBL5728583,8itz,P17931
CHEMBL5809066,OCC1O[C@H](Sc2cnc(Cl)c(Cl)c2)C(O)[C@@H](n2cc(-c3csc(O)n3)nn2)[C@H]1O,Kd,8000.0,nM,5.1,1065647,CHEMBL5737050,9,CHEMBL4531,CHEMBL5728583,8itz,P17931
CHEMBL5950915,N#Cc1ncc(Br)cc1S[C@H]1OC(CO)[C@H](O)[C@H](n2cc(-c3csc(O)n3)nn2)C1O,Kd,2600.0,nM,5.58,1065649,CHEMBL5737050,9,CHEMBL4531,CHEMBL5728583,8itz,P17931
CHEMBL5829222,N#Cc1ncc(S[C@H]2OC(CO)[C@H](O)[C@H](n3cc(-c4csc(O)n4)nn3)C2O)cc1Br,Kd,2800.0,nM,5.55,1065651,CHEMBL5737050,9,CHEMBL4531,CHEMBL5728583,8itz,P17931
CHEMBL5866001,N#Cc1ncc(Cl)cc1S[C@H]1OC(CO)[C@H](O)[C@H](n2cc(-c3csc(O)n3)nn2)C1O,Kd,2200.0,nM,5.66,1065653,CHEMBL5737050,9,CHEMBL4531,CHEMBL5728583,8itz,P17931
CHEMBL5890322,OCC1O[C@H](Sc2cnc(C(F)(F)F)c(Cl)c2)C(O)[C@@H](n2cc(-c3csc(O)n3)nn2)[C@H]1O,Kd,2800.0,nM,5.55,1065655,CHEMBL5737050,9,CHEMBL4531,CHEMBL5728583,8itz,P17931
CHEMBL5921738,OCC1O[C@H](Sc2cc(Cl)c(F)c(Cl)c2)C(O)[C@@H](n2cc(-c3csc(O)n3)nn2)[C@H]1O,Kd,9700.0,nM,5.01,1065657,CHEMBL5737050,9,CHEMBL4531,CHEMBL5728583,8itz,P17931
CHEMBL5809155,OCC1O[C@H](Sc2cc(Cl)c(Cl)c(Cl)c2)C(O)[C@@H](n2cc(-c3csc(O)n3)nn2)[C@H]1O,Kd,6000.0,nM,5.22,1065659,CHEMBL5737050,9,CHEMBL4531,CHEMBL5728583,8itz,P17931
CHEMBL5772323,OCC1O[C@H](Sc2cc(Br)c(F)c(Br)c2)C(O)[C@@H](n2cc(-c3csc(O)n3)nn2)[C@H]1O,Kd,4600.0,nM,5.34,1065661,CHEMBL5737050,9,CHEMBL4531,CHEMBL5728583,8itz,P17931
CHEMBL5966583,N#Cc1ccc(S[C@H]2OC(CO)[C@H](O)[C@H](n3cc(-c4csc(O)n4)nn3)C2O)cc1Br,Kd,6000.0,nM,5.22,1065663,CHEMBL5737050,9,CHEMBL4531,CHEMBL5728583,8itz,P17931
CHEMBL5790628,OCC1O[C@H](Sc2cnc(C(F)(F)F)c(Br)c2)C(O)[C@@H](n2cc(-c3csc(O)n3)nn2)[C@H]1O,Kd,3100.0,nM,5.51,1065665,CHEMBL5737050,9,CHEMBL4531,CHEMBL5728583,8itz,P17931
CHEMBL5865693,OCC1O[C@H](Sc2ccc(C(F)(F)F)c(Cl)c2)C(O)[C@@H](n2cc(-c3csc(O)n3)nn2)[C@H]1O,Kd,6500.0,nM,5.19,1065667,CHEMBL5737050,9,CHEMBL4531,CHEMBL5728583,8itz,P17931
CHEMBL5887621,Cc1ccc(S[C@H]2OC(CO)[C@H](O)[C@H](n3cc(-c4csc(O)n4)nn3)C2O)cc1Cl,Kd,6600.0,nM,5.18,1065669,CHEMBL5737050,9,CHEMBL4531,CHEMBL5728583,8itz,P17931
CHEMBL5929368,O=C(O)c1ncc(Cl)cc1S[C@H]1OC(CO)[C@H](O)[C@H](n2cc(-c3csc(O)n3)nn2)C1O,Kd,5700.0,nM,5.24,1065671,CHEMBL5737050,9,CHEMBL4531,CHEMBL5728583,8itz,P17931
CHEMBL5849127,OCC1O[C@H](Sc2cnc(C(F)(F)F)c(Br)c2)C(O)[C@@H](n2cc(-c3nc(Cl)c(Cl)s3)nn2)[C@H]1O,Kd,69.0,nM,7.16,1065673,CHEMBL5737050,9,CHEMBL4531,CHEMBL5728583,8itz,P17931
CHEMBL5925466,OCC1O[C@H](Sc2cc(Cl)c(Cl)cc2F)C(O)[C@@H](n2cc(-c3csc(O)n3)nn2)[C@H]1O,Kd,4600.0,nM,5.34,1065675,CHEMBL5737050,9,CHEMBL4531,CHEMBL5728583,8itz,P17931
CHEMBL5978139,CN(C)C(=O)c1ccc(Cl)cc1S[C@H]1OC(CO)[C@H](O)[C@H](n2cc(-c3csc(O)n3)nn2)C1O,Kd,2100.0,nM,5.68,1065677,CHEMBL5737050,9,CHEMBL4531,CHEMBL5728583,8itz,P17931
CHEMBL5954468,CN(C)C(=O)c1ncc(Cl)cc1S[C@H]1OC(CO)[C@H](O)[C@H](n2cc(-c3csc(O)n3)nn2)C1O,Kd,1700.0,nM,5.77,1065679,CHEMBL5737050,9,CHEMBL4531,CHEMBL5728583,8itz,P17931
CHEMBL6060289,Cc1ccc(S[C@H]2OC(CO)[C@H](O)C(n3cc(-c4cc(F)c(F)c(F)c4)nn3)[C@@H]2O)cc1C,Kd,150.0,nM,6.82,1183512,CHEMBL5738232,9,CHEMBL4531,CHEMBL5729191,8itz,P17931
CHEMBL5750689,OCC1O[C@H](Sc2cccc(Br)c2)[C@@H](O)C(n2cc(-c3cc(F)c(F)c(F)c3)nn2)[C@H]1O,Kd,37.0,nM,7.43,1183513,CHEMBL5738232,9,CHEMBL4531,CHEMBL5729191,8itz,P17931
CHEMBL5815852,CCOc1cccc(S[C@H]2OC(CO)[C@H](O)C(n3cc(-c4cc(F)c(F)c(F)c4)nn3)[C@@H]2O)c1,Kd,420.0,nM,6.38,1183514,CHEMBL5738232,9,CHEMBL4531,CHEMBL5729191,8itz,P17931
CHEMBL5958044,OCC1O[C@H](Sc2ccncc2)[C@@H](O)C(n2cc(-c3cc(F)c(F)c(F)c3)nn2)[C@H]1O,Kd,190.0,nM,6.72,1183515,CHEMBL5738232,9,CHEMBL4531,CHEMBL5729191,8itz,P17931
CHEMBL5762951,OCC1O[C@H](Sc2ccc(Cl)cc2Cl)[C@@H](O)C(n2cc(-c3cc(F)c(F)c(F)c3)nn2)[C@H]1O,Kd,650.0,nM,6.19,1183516,CHEMBL5738232,9,CHEMBL4531,CHEMBL5729191,8itz,P17931
CHEMBL5919435,CC(=O)Nc1ccc(S[C@H]2OC(CO)[C@H](O)C(n3cc(-c4cc(F)c(F)c(F)c4)nn3)[C@@H]2O)cc1,Kd,313.0,nM,6.5,1183517,CHEMBL5738232,9,CHEMBL4531,CHEMBL5729191,8itz,P17931
CHEMBL6021301,COc1ccc(S[C@H]2OC(CO)[C@H](O)C(n3cc(-c4cc(F)c(F)c(F)c4)nn3)[C@@H]2O)cc1,Kd,410.0,nM,6.39,1183518,CHEMBL5738232,9,CHEMBL4531,CHEMBL5729191,8itz,P17931
CHEMBL5894405,OCC1O[C@H](Sc2cccc(Cl)c2Cl)[C@@H](O)C(n2cc(-c3cc(F)c(F)c(F)c3)nn2)[C@H]1O,Kd,530.0,nM,6.28,1183519,CHEMBL5738232,9,CHEMBL4531,CHEMBL5729191,8itz,P17931
CHEMBL5938419,OCC1O[C@H](Sc2ccc(Cl)c(Cl)c2)[C@@H](O)C(n2cc(-c3cc(F)c(F)c(F)c3)nn2)[C@H]1O,Kd,17.0,nM,7.77,1183520,CHEMBL5738232,9,CHEMBL4531,CHEMBL5729191,8itz,P17931
CHEMBL5824292,OCC1O[C@H](SCc2ccccc2)[C@@H](O)C(n2cc(-c3cc(F)c(F)c(F)c3)nn2)[C@H]1O,Kd,1130.0,nM,5.95,1183521,CHEMBL5738232,9,CHEMBL4531,CHEMBL5729191,8itz,P17931
CHEMBL5993652,COc1cccc(S[C@H]2OC(CO)[C@H](O)C(n3cc(-c4cc(F)c(F)c(F)c4)nn3)[C@@H]2O)c1,Kd,270.0,nM,6.57,1183522,CHEMBL5738232,9,CHEMBL4531,CHEMBL5729191,8itz,P17931
CHEMBL5755963,OCC1O[C@H](Sc2ccc3ccccc3c2)[C@@H](O)C(n2cc(-c3cc(F)c(F)c(F)c3)nn2)[C@H]1O,Kd,180.0,nM,6.75,1183523,CHEMBL5738232,9,CHEMBL4531,CHEMBL5729191,8itz,P17931
CHEMBL6025582,Cc1cccc(S[C@H]2OC(CO)[C@H](O)C(n3cc(-c4cc(F)c(F)c(F)c4)nn3)[C@@H]2O)c1,Kd,240.0,nM,6.62,1183524,CHEMBL5738232,9,CHEMBL4531,CHEMBL5729191,8itz,P17931
CHEMBL5776711,OCC1O[C@H](Sc2cccc(C(F)(F)F)c2)[C@@H](O)C(n2cc(-c3cc(F)c(F)c(F)c3)nn2)[C@H]1O,Kd,130.0,nM,6.89,1183525,CHEMBL5738232,9,CHEMBL4531,CHEMBL5729191,8itz,P17931
CHEMBL5820400,OCC1O[C@H](Sc2ccc(Br)cc2)[C@@H](O)C(n2cc(-c3cc(F)c(F)c(F)c3)nn2)[C@H]1O,Kd,520.0,nM,6.28,1183526,CHEMBL5738232,9,CHEMBL4531,CHEMBL5729191,8itz,P17931
CHEMBL5807912,OCC1O[C@H](Sc2cc(Cl)cc(Cl)c2)[C@@H](O)C(n2cc(-c3cc(F)c(F)c(F)c3)nn2)[C@H]1O,Kd,80.0,nM,7.1,1183527,CHEMBL5738232,9,CHEMBL4531,CHEMBL5729191,8itz,P17931
CHEMBL6056974,Cc1cccc(C)c1S[C@H]1OC(CO)[C@H](O)C(n2cc(-c3cc(F)c(F)c(F)c3)nn2)[C@@H]1O,Kd,1580.0,nM,5.8,1183528,CHEMBL5738232,9,CHEMBL4531,CHEMBL5729191,8itz,P17931
CHEMBL5894242,OCC1O[C@H](Sc2cccc3ccccc23)[C@@H](O)C(n2cc(-c3cc(F)c(F)c(F)c3)nn2)[C@H]1O,Kd,960.0,nM,6.02,1183529,CHEMBL5738232,9,CHEMBL4531,CHEMBL5729191,8itz,P17931
CHEMBL5791770,OCC1O[C@H](Sc2cccc(Cl)c2)[C@@H](O)C(n2cc(-c3cc(F)c(F)c(F)c3)nn2)[C@H]1O,Kd,49.0,nM,7.31,1183530,CHEMBL5738232,9,CHEMBL4531,CHEMBL5729191,8itz,P17931
CHEMBL5951390,OCC1O[C@H](Sc2cccc(OC(F)(F)F)c2)[C@@H](O)C(n2cc(-c3cc(F)c(F)c(F)c3)nn2)[C@H]1O,Kd,500.0,nM,6.3,1183531,CHEMBL5738232,9,CHEMBL4531,CHEMBL5729191,8itz,P17931
CHEMBL5872454,OCC1O[C@H](Sc2ccccn2)[C@@H](O)C(n2cc(-c3cc(F)c(F)c(F)c3)nn2)[C@H]1O,Kd,510.0,nM,6.29,1183532,CHEMBL5738232,9,CHEMBL4531,CHEMBL5729191,8itz,P17931
CHEMBL5956575,OCC1O[C@H](Oc2ccc(Cl)c(Cl)c2)[C@@H](O)C(n2cc(-c3cc(F)c(F)c(F)c3)nn2)[C@H]1O,Kd,490.0,nM,6.31,1183533,CHEMBL5738232,9,CHEMBL4531,CHEMBL5729191,8itz,P17931
CHEMBL5981894,OCC1O[C@H](Sc2ccc(Cl)cc2)[C@@H](O)C(n2cc(-c3cc(F)c(F)c(F)c3)nn2)[C@H]1O,Kd,200.0,nM,6.7,1183534,CHEMBL5738232,9,CHEMBL4531,CHEMBL5729191,8itz,P17931
CHEMBL5885337,[O-][S+](c1ccc(Cl)c(Cl)c1)[C@H]1OC(CO)[C@H](O)C(n2cc(-c3cc(F)c(F)c(F)c3)nn2)[C@@H]1O,Kd,10.0,nM,8.0,1183535,CHEMBL5738232,9,CHEMBL4531,CHEMBL5729191,8itz,P17931
CHEMBL5905473,O=S(=O)(c1ccc(Cl)c(Cl)c1)[C@H]1OC(CO)[C@H](O)C(n2cc(-c3cc(F)c(F)c(F)c3)nn2)[C@@H]1O,Kd,62.0,nM,7.21,1183536,CHEMBL5738232,9,CHEMBL4531,CHEMBL5729191,8itz,P17931
CHEMBL5921132,[O-][S+](c1ccc(Cl)cc1)[C@H]1OC(CO)[C@H](O)C(n2cc(-c3cc(F)c(F)c(F)c3)nn2)[C@@H]1O,Kd,770.0,nM,6.11,1183537,CHEMBL5738232,9,CHEMBL4531,CHEMBL5729191,8itz,P17931
CHEMBL6006080,OCC1O[C@H](Sc2ccccc2)[C@@H](O)C(n2cc(-c3cc(F)c(F)c(F)c3)nn2)[C@H]1O,Kd,400.0,nM,6.4,1183538,CHEMBL5738232,9,CHEMBL4531,CHEMBL5729191,8itz,P17931
CHEMBL6029417,OCC1O[C@H](Sc2ccc(F)c(Cl)c2)[C@@H](O)C(n2cc(-c3cc(F)c(F)c(F)c3)nn2)[C@H]1O,Kd,48.0,nM,7.32,1183539,CHEMBL5738232,9,CHEMBL4531,CHEMBL5729191,8itz,P17931
CHEMBL5901716,Cc1ccc(S[C@H]2OC(CO)[C@H](O)C(n3cc(-c4cc(F)c(F)c(F)c4)nn3)[C@@H]2O)cc1,Kd,460.0,nM,6.34,1183540,CHEMBL5738232,9,CHEMBL4531,CHEMBL5729191,8itz,P17931
CHEMBL5922664,OCC1O[C@H](Sc2ccc(F)cc2)[C@@H](O)C(n2cc(-c3cc(F)c(F)c(F)c3)nn2)[C@H]1O,Kd,270.0,nM,6.57,1183541,CHEMBL5738232,9,CHEMBL4531,CHEMBL5729191,8itz,P17931
CHEMBL5904611,OCC1O[C@H](Sc2ccc(OC(F)(F)F)cc2)[C@@H](O)C(n2cc(-c3cc(F)c(F)c(F)c3)nn2)[C@H]1O,Kd,280.0,nM,6.55,1183542,CHEMBL5738232,9,CHEMBL4531,CHEMBL5729191,8itz,P17931
CHEMBL5812098,OCC1O[C@H](Oc2ccccc2)[C@@H](O)C(n2cc(-c3cc(F)c(F)c(F)c3)nn2)[C@H]1O,Kd,1000.0,nM,6.0,1183543,CHEMBL5738232,9,CHEMBL4531,CHEMBL5729191,8itz,P17931
CHEMBL6032529,OCC1O[C@H](Oc2cccc(Cl)c2)[C@@H](O)C(n2cc(-c3cc(F)c(F)c(F)c3)nn2)[C@H]1O,Kd,250.0,nM,6.6,1183544,CHEMBL5738232,9,CHEMBL4531,CHEMBL5729191,8itz,P17931
CHEMBL5921100,OCC1O[C@H](Oc2ccc(Cl)cc2)[C@@H](O)C(n2cc(-c3cc(F)c(F)c(F)c3)nn2)[C@H]1O,Kd,570.0,nM,6.24,1183545,CHEMBL5738232,9,CHEMBL4531,CHEMBL5729191,8itz,P17931
CHEMBL5928514,OCC1O[C@H](SC2CCCCC2)[C@@H](O)C(n2cc(-c3cc(F)c(F)c(F)c3)nn2)[C@H]1O,Kd,440.0,nM,6.36,1183546,CHEMBL5738232,9,CHEMBL4531,CHEMBL5729191,8itz,P17931
CHEMBL5973050,OCC1O[C@H](Sc2cc(Cl)c(Cl)cc2Cl)[C@@H](O)C(n2cc(-c3cc(F)c(F)c(F)c3)nn2)[C@H]1O,Kd,60.0,nM,7.22,1183547,CHEMBL5738232,9,CHEMBL4531,CHEMBL5729191,8itz,P17931
CHEMBL5856312,OCC1O[C@H](Sc2cc(Cl)ccc2Cl)[C@@H](O)C(n2cc(-c3cc(F)c(F)c(F)c3)nn2)[C@H]1O,Kd,84.0,nM,7.08,1183548,CHEMBL5738232,9,CHEMBL4531,CHEMBL5729191,8itz,P17931
CHEMBL5973128,OCC1O[C@H](Sc2cccc(O)c2)[C@@H](O)C(n2cc(-c3cc(F)c(F)c(F)c3)nn2)[C@H]1O,Kd,490.0,nM,6.31,1183549,CHEMBL5738232,9,CHEMBL4531,CHEMBL5729191,8itz,P17931
CHEMBL5909107,[O-][S+](c1cccc(Br)c1)[C@H]1OC(CO)[C@H](O)C(n2cc(-c3cc(F)c(F)c(F)c3)nn2)[C@@H]1O,Kd,23.0,nM,7.64,1183550,CHEMBL5738232,9,CHEMBL4531,CHEMBL5729191,8itz,P17931
CHEMBL6047632,OCC1O[C@H](SCCc2ccccc2)[C@@H](O)C(n2cc(-c3cc(F)c(F)c(F)c3)nn2)[C@H]1O,Kd,480.0,nM,6.32,1183551,CHEMBL5738232,9,CHEMBL4531,CHEMBL5729191,8itz,P17931
CHEMBL5857529,Cc1ccc(S[C@H]2OC(CO)[C@H](O)C(OCc3cc(-c4ccc(Cl)cc4)nc(N)n3)[C@@H]2O)cc1Cl,Kd,1300.0,nM,5.89,1183552,CHEMBL5738232,9,CHEMBL4531,CHEMBL5729191,8itz,P17931
CHEMBL5862405,[O-][S+](c1ccc(Cl)c(Cl)c1)[C@H]1OC(CO)[C@H](O)C(n2cc(-c3c(F)c(F)c(F)c(F)c3F)nn2)[C@@H]1O,Kd,2.0,nM,8.7,1183553,CHEMBL5738232,9,CHEMBL4531,CHEMBL5729191,8itz,P17931
CHEMBL5771427,OCC1O[C@H](Sc2cncc(Cl)c2)[C@@H](O)C(n2cc(-c3cc(F)c(F)c(F)c3)nn2)[C@H]1O,Kd,35.0,nM,7.46,1183554,CHEMBL5738232,9,CHEMBL4531,CHEMBL5729191,8itz,P17931
CHEMBL5793586,OCC1O[C@H](Sc2cncc(Br)c2)[C@@H](O)C(n2cc(-c3cc(F)c(F)c(F)c3)nn2)[C@H]1O,Kd,23.0,nM,7.64,1183555,CHEMBL5738232,9,CHEMBL4531,CHEMBL5729191,8itz,P17931
CHEMBL5820531,N#Cc1cc(Cl)cc(S[C@H]2OC(CO)[C@H](O)C(n3cc(-c4cc(F)c(F)c(F)c4)nn3)[C@@H]2O)c1,Kd,41.0,nM,7.39,1183556,CHEMBL5738232,9,CHEMBL4531,CHEMBL5729191,8itz,P17931
CHEMBL6005668,N#Cc1ccc(S[C@H]2OC(CO)[C@H](O)C(n3cc(-c4cc(F)c(F)c(F)c4)nn3)[C@@H]2O)cc1Cl,Kd,31.0,nM,7.51,1183557,CHEMBL5738232,9,CHEMBL4531,CHEMBL5729191,8itz,P17931
CHEMBL6023086,N#Cc1cc(F)c(S[C@H]2OC(CO)[C@H](O)C(n3cc(-c4cc(F)c(F)c(F)c4)nn3)[C@@H]2O)cc1Cl,Kd,29.0,nM,7.54,1183558,CHEMBL5738232,9,CHEMBL4531,CHEMBL5729191,8itz,P17931
CHEMBL5889510,N#Cc1ccc(S[C@H]2OC(CO)[C@H](O)C(n3cc(-c4cc(F)c(F)c(F)c4)nn3)[C@@H]2O)cc1Br,Kd,43.0,nM,7.37,1183559,CHEMBL5738232,9,CHEMBL4531,CHEMBL5729191,8itz,P17931
CHEMBL6011210,OCC1O[C@H](Sc2cnc(C(F)(F)F)c(Br)c2)[C@@H](O)C(n2cc(-c3cc(F)c(F)c(F)c3)nn2)[C@H]1O,Kd,23.0,nM,7.64,1183560,CHEMBL5738232,9,CHEMBL4531,CHEMBL5729191,8itz,P17931
CHEMBL5750337,N#Cc1ncc(S[C@H]2OC(CO)[C@H](O)C(n3cc(-c4cc(F)c(F)c(F)c4)nn3)[C@@H]2O)cc1Cl,Kd,39.0,nM,7.41,1183561,CHEMBL5738232,9,CHEMBL4531,CHEMBL5729191,8itz,P17931
CHEMBL6064757,N#Cc1nnc(S[C@H]2OC(CO)[C@H](O)C(n3cc(-c4cc(F)c(F)c(F)c4)nn3)[C@@H]2O)cc1Cl,Kd,54.0,nM,7.27,1183562,CHEMBL5738232,9,CHEMBL4531,CHEMBL5729191,8itz,P17931
CHEMBL6049025,OCC1O[C@H](Sc2ccc(Cl)c(Cl)c2)[C@@H](O)C(n2cc(-c3c(F)c(F)c(F)c(F)c3F)nn2)[C@H]1O,Kd,37.0,nM,7.43,1183563,CHEMBL5738232,9,CHEMBL4531,CHEMBL5729191,8itz,P17931
CHEMBL5750721,O=S(=O)(c1ccc(Cl)c(Cl)c1)[C@H]1OC(CO)[C@H](O)C(n2cc(-c3c(F)c(F)c(F)c(F)c3F)nn2)[C@@H]1O,Kd,13.0,nM,7.89,1183564,CHEMBL5738232,9,CHEMBL4531,CHEMBL5729191,8itz,P17931
CHEMBL5968956,COc1cc(S[C@H]2OC(CO)[C@H](O)C(n3cc(-c4cc(F)c(F)c(F)c4)nn3)[C@@H]2O)nnc1C#N,Kd,250.0,nM,6.6,1183565,CHEMBL5738232,9,CHEMBL4531,CHEMBL5729191,8itz,P17931
CHEMBL5997710,N#Cc1nnc(S[C@H]2OC(CO)[C@H](O)C(n3cc(-c4cc(F)c(F)c(F)c4)nn3)[C@@H]2O)cc1O,Kd,940.0,nM,6.03,1183566,CHEMBL5738232,9,CHEMBL4531,CHEMBL5729191,8itz,P17931
CHEMBL5971230,OCC1O[C@H](Sc2ccc(F)c(Cl)c2F)[C@@H](O)C(n2cc(-c3cc(F)c(F)c(F)c3)nn2)[C@H]1O,Kd,150.0,nM,6.82,1183567,CHEMBL5738232,9,CHEMBL4531,CHEMBL5729191,8itz,P17931
CHEMBL6062510,OCC1O[C@H](Sc2ccc(Cl)c(Cl)c2)[C@@H](O)C(n2cc(-c3ccccc3)nn2)[C@H]1O,Kd,1450.0,nM,5.84,1183568,CHEMBL5738232,9,CHEMBL4531,CHEMBL5729191,8itz,P17931
CHEMBL5764820,OCC1O[C@H](Sc2cc(Cl)c(F)c(Cl)c2)[C@@H](O)C(n2cc(-c3cc(F)c(F)c(F)c3)nn2)[C@H]1O,Kd,18.0,nM,7.75,1183569,CHEMBL5738232,9,CHEMBL4531,CHEMBL5729191,8itz,P17931
CHEMBL5953078,OCC1O[C@H](Sc2cc(Cl)c(Cl)cc2F)[C@@H](O)C(n2cc(-c3cc(F)c(F)c(F)c3)nn2)[C@H]1O,Kd,27.0,nM,7.57,1183570,CHEMBL5738232,9,CHEMBL4531,CHEMBL5729191,8itz,P17931
CHEMBL5940505,OCC1O[C@H](Sc2ccc(F)c(Br)c2)[C@@H](O)C(n2cc(-c3cc(F)c(F)c(F)c3)nn2)[C@H]1O,Kd,24.0,nM,7.62,1183571,CHEMBL5738232,9,CHEMBL4531,CHEMBL5729191,8itz,P17931
CHEMBL5963788,OCC1O[C@H](Sc2ccc(C(F)(F)F)c(Cl)c2)[C@@H](O)C(n2cc(-c3cc(F)c(F)c(F)c3)nn2)[C@H]1O,Kd,31.0,nM,7.51,1183572,CHEMBL5738232,9,CHEMBL4531,CHEMBL5729191,8itz,P17931
CHEMBL5793839,OCC1O[C@H](Sc2cc(Cl)c(Cl)c(Cl)c2)[C@@H](O)C(n2cc(-c3cc(F)c(F)c(F)c3)nn2)[C@H]1O,Kd,34.0,nM,7.47,1183573,CHEMBL5738232,9,CHEMBL4531,CHEMBL5729191,8itz,P17931
CHEMBL5877156,OCC1O[C@H](Sc2cc(Cl)ccc2F)[C@@H](O)C(n2cc(-c3cc(F)c(F)c(F)c3)nn2)[C@H]1O,Kd,46.0,nM,7.34,1183574,CHEMBL5738232,9,CHEMBL4531,CHEMBL5729191,8itz,P17931
CHEMBL5868548,OCC1O[C@H](Sc2cc(Br)ccc2F)[C@@H](O)C(n2cc(-c3cc(F)c(F)c(F)c3)nn2)[C@H]1O,Kd,47.0,nM,7.33,1183575,CHEMBL5738232,9,CHEMBL4531,CHEMBL5729191,8itz,P17931
CHEMBL5954805,OCc1ccc(Cl)cc1S[C@H]1OC(CO)[C@H](O)C(n2cc(-c3cc(F)c(F)c(F)c3)nn2)[C@@H]1O,Kd,84.0,nM,7.08,1183576,CHEMBL5738232,9,CHEMBL4531,CHEMBL5729191,8itz,P17931
CHEMBL5938859,OCC1O[C@H](Sc2cccc(I)c2)[C@@H](O)C(n2cc(-c3cc(F)c(F)c(F)c3)nn2)[C@H]1O,Kd,90.0,nM,7.05,1183577,CHEMBL5738232,9,CHEMBL4531,CHEMBL5729191,8itz,P17931
CHEMBL5864367,NC(=O)c1ccc(S[C@H]2OC(CO)[C@H](O)C(n3cc(-c4cc(F)c(F)c(F)c4)nn3)[C@@H]2O)cn1,Kd,180.0,nM,6.75,1183578,CHEMBL5738232,9,CHEMBL4531,CHEMBL5729191,8itz,P17931
CHEMBL5793426,N#Cc1cccc(S[C@H]2OC(CO)[C@H](O)C(n3cc(-c4cc(F)c(F)c(F)c4)nn3)[C@@H]2O)c1,Kd,192.0,nM,6.72,1183579,CHEMBL5738232,9,CHEMBL4531,CHEMBL5729191,8itz,P17931
CHEMBL5824105,N#Cc1ccc(S[C@H]2OC(CO)[C@H](O)C(n3cc(-c4cc(F)c(F)c(F)c4)nn3)[C@@H]2O)cn1,Kd,260.0,nM,6.58,1183580,CHEMBL5738232,9,CHEMBL4531,CHEMBL5729191,8itz,P17931
CHEMBL5989392,OCC1O[C@H](Sc2cc(Cl)cs2)[C@@H](O)C(n2cc(-c3cc(F)c(F)c(F)c3)nn2)[C@H]1O,Kd,330.0,nM,6.48,1183581,CHEMBL5738232,9,CHEMBL4531,CHEMBL5729191,8itz,P17931
CHEMBL5948689,O=C(O)c1cccc(S[C@H]2OC(CO)[C@H](O)C(n3cc(-c4cc(F)c(F)c(F)c4)nn3)[C@@H]2O)c1,Kd,350.0,nM,6.46,1183582,CHEMBL5738232,9,CHEMBL4531,CHEMBL5729191,8itz,P17931
CHEMBL6038571,NC(=O)c1cccc(S[C@H]2OC(CO)[C@H](O)C(n3cc(-c4cc(F)c(F)c(F)c4)nn3)[C@@H]2O)c1,Kd,380.0,nM,6.42,1183583,CHEMBL5738232,9,CHEMBL4531,CHEMBL5729191,8itz,P17931
CHEMBL5826662,OCC1O[C@H](Sc2ccc(Cl)c(Cl)c2)[C@@H](O)C(n2cc(-c3ccc(F)c(F)c3)nn2)[C@H]1O,Kd,110.0,nM,6.96,1183584,CHEMBL5738232,9,CHEMBL4531,CHEMBL5729191,8itz,P17931
CHEMBL5948284,OCC1O[C@H](Sc2ccc(Cl)c(Cl)c2)[C@@H](O)C(n2cc(-c3cc(F)cc(F)c3)nn2)[C@H]1O,Kd,110.0,nM,6.96,1183585,CHEMBL5738232,9,CHEMBL4531,CHEMBL5729191,8itz,P17931
CHEMBL5745831,OCC1O[C@H](Sc2ccc(Cl)c(Cl)c2)[C@@H](O)C(n2cc(-c3cccc(F)c3)nn2)[C@H]1O,Kd,140.0,nM,6.85,1183586,CHEMBL5738232,9,CHEMBL4531,CHEMBL5729191,8itz,P17931
CHEMBL5836015,OCC1O[C@H](SC2CCCC(F)(F)C2)[C@@H](O)C(n2cc(-c3cc(F)c(F)c(F)c3)nn2)[C@H]1O,Kd,240.0,nM,6.62,1183587,CHEMBL5738232,9,CHEMBL4531,CHEMBL5729191,8itz,P17931
CHEMBL5998054,CCCCS[C@H]1OC(CO)[C@H](O)C(n2cc(-c3cc(F)c(F)c(F)c3)nn2)[C@@H]1O,Kd,450.0,nM,6.35,1183588,CHEMBL5738232,9,CHEMBL4531,CHEMBL5729191,8itz,P17931
CHEMBL5954864,COc1c(F)cc(-c2cn(C3[C@@H](O)C(CO)O[C@H](Sc4ccc(Cl)c(Cl)c4)[C@H]3O)nn2)cc1F,Kd,470.0,nM,6.33,1183589,CHEMBL5738232,9,CHEMBL4531,CHEMBL5729191,8itz,P17931
CHEMBL5870130,O=c1cc(S[C@H]2OC(CO)[C@H](O)C(n3cc(-c4cc(F)c(F)c(F)c4)nn3)[C@@H]2O)cc[nH]1,Kd,510.0,nM,6.29,1183590,CHEMBL5738232,9,CHEMBL4531,CHEMBL5729191,8itz,P17931
CHEMBL5986024,OCC1O[C@H](SCCc2ccccc2Cl)[C@@H](O)C(n2cc(-c3cc(F)c(F)c(F)c3)nn2)[C@H]1O,Kd,750.0,nM,6.12,1183591,CHEMBL5738232,9,CHEMBL4531,CHEMBL5729191,8itz,P17931
CHEMBL5983939,OCC1O[C@H](SCCc2ccc(Cl)cc2)[C@@H](O)C(n2cc(-c3cc(F)c(F)c(F)c3)nn2)[C@H]1O,Kd,760.0,nM,6.12,1183592,CHEMBL5738232,9,CHEMBL4531,CHEMBL5729191,8itz,P17931
CHEMBL5740460,OCC1O[C@H](SCc2ccccc2Cl)[C@@H](O)C(n2cc(-c3cc(F)c(F)c(F)c3)nn2)[C@H]1O,Kd,770.0,nM,6.11,1183593,CHEMBL5738232,9,CHEMBL4531,CHEMBL5729191,8itz,P17931
CHEMBL6039680,OCC1O[C@H](SCc2ccc(Cl)c(Cl)c2)[C@@H](O)C(n2cc(-c3cc(F)c(F)c(F)c3)nn2)[C@H]1O,Kd,790.0,nM,6.1,1183594,CHEMBL5738232,9,CHEMBL4531,CHEMBL5729191,8itz,P17931
CHEMBL5994070,OCC1O[C@H](SCCc2cccc(Cl)c2)[C@@H](O)C(n2cc(-c3cc(F)c(F)c(F)c3)nn2)[C@H]1O,Kd,820.0,nM,6.09,1183595,CHEMBL5738232,9,CHEMBL4531,CHEMBL5729191,8itz,P17931
CHEMBL5758325,OCC1O[C@H](SCc2ccc(Cl)cc2)[C@@H](O)C(n2cc(-c3cc(F)c(F)c(F)c3)nn2)[C@H]1O,Kd,950.0,nM,6.02,1183596,CHEMBL5738232,9,CHEMBL4531,CHEMBL5729191,8itz,P17931
CHEMBL6014442,CCCS[C@H]1OC(CO)[C@H](O)C(n2cc(-c3cc(F)c(F)c(F)c3)nn2)[C@@H]1O,Kd,980.0,nM,6.01,1183597,CHEMBL5738232,9,CHEMBL4531,CHEMBL5729191,8itz,P17931
CHEMBL5830710,Nc1cc(S[C@H]2OC(CO)[C@H](O)C(n3cc(-c4cc(F)c(F)c(F)c4)nn3)[C@@H]2O)ccn1,Kd,990.0,nM,6.0,1183598,CHEMBL5738232,9,CHEMBL4531,CHEMBL5729191,8itz,P17931
CHEMBL5870127,CN(C)c1cccc2cc(S[C@H]3OC(CO)[C@H](O)C(n4cc(-c5cc(F)c(F)c(F)c5)nn4)[C@@H]3O)ccc12,Kd,1060.0,nM,5.97,1183599,CHEMBL5738232,9,CHEMBL4531,CHEMBL5729191,8itz,P17931
CHEMBL5803251,CCS[C@H]1OC(CO)[C@H](O)C(n2cc(-c3cc(F)c(F)c(F)c3)nn2)[C@@H]1O,Kd,1100.0,nM,5.96,1183600,CHEMBL5738232,9,CHEMBL4531,CHEMBL5729191,8itz,P17931
CHEMBL5958802,[O-][S+](c1cncc(Br)c1)[C@H]1OC(CO)[C@H](O)C(n2cc(-c3cc(F)c(F)c(F)c3)nn2)[C@@H]1O,Kd,28.0,nM,7.55,1183601,CHEMBL5738232,9,CHEMBL4531,CHEMBL5729191,8itz,P17931
CHEMBL5756775,[O-][S+](c1cncc(Br)c1)[C@@H]1OC(CO)[C@H](O)C(n2cc(-c3cc(F)c(F)c(F)c3)nn2)[C@@H]1O,Kd,130.0,nM,6.89,1183602,CHEMBL5738232,9,CHEMBL4531,CHEMBL5729191,8itz,P17931
CHEMBL5895372,O=S(=O)(c1cncc(Br)c1)[C@H]1OC(CO)[C@H](O)C(n2cc(-c3cc(F)c(F)c(F)c3)nn2)[C@@H]1O,Kd,31.0,nM,7.51,1183603,CHEMBL5738232,9,CHEMBL4531,CHEMBL5729191,8itz,P17931
CHEMBL6057083,[O-][S+](c1cncc(Cl)c1)[C@H]1OC(CO)[C@H](O)C(n2cc(-c3cc(F)c(F)c(F)c3)nn2)[C@@H]1O,Kd,106.0,nM,6.97,1183604,CHEMBL5738232,9,CHEMBL4531,CHEMBL5729191,8itz,P17931
CHEMBL5814830,[O-][S+](c1cncc(Cl)c1)[C@@H]1OC(CO)[C@H](O)C(n2cc(-c3cc(F)c(F)c(F)c3)nn2)[C@@H]1O,Kd,41.0,nM,7.39,1183605,CHEMBL5738232,9,CHEMBL4531,CHEMBL5729191,8itz,P17931
CHEMBL5875101,CN(C)c1cccc2cc(S(=O)(=O)[C@H]3OC(CO)[C@H](O)C(n4cc(-c5cc(F)c(F)c(F)c5)nn4)[C@@H]3O)ccc12,Kd,960.0,nM,6.02,1183606,CHEMBL5738232,9,CHEMBL4531,CHEMBL5729191,8itz,P17931
CHEMBL6022761,O=C(NC1[C@@H](O)C(CO)O[C@H](Sc2ccc(Cl)c(Cl)c2)[C@H]1O)c1cc(F)c(F)c(F)c1,Kd,3500.0,nM,5.46,1183607,CHEMBL5738232,9,CHEMBL4531,CHEMBL5729191,8itz,P17931
CHEMBL5988571,CCOC(=O)c1cn(C2[C@@H](O)C(CO)O[C@H](Sc3ccc(Cl)c(Cl)c3)[C@H]2O)nn1,Kd,3500.0,nM,5.46,1183608,CHEMBL5738232,9,CHEMBL4531,CHEMBL5729191,8itz,P17931
CHEMBL5822507,O=C(NCC(F)(F)F)c1cn(C2[C@@H](O)C(CO)O[C@H](Sc3ccc(Cl)c(Cl)c3)[C@H]2O)nn1,Kd,560.0,nM,6.25,1183609,CHEMBL5738232,9,CHEMBL4531,CHEMBL5729191,8itz,P17931
CHEMBL5953661,O=c1oc2ccc(F)c(F)c2cc1COC1[C@@H](O)C(CO)O[C@H](Sc2ccc(Cl)c(Cl)c2)[C@H]1O,Kd,920.0,nM,6.04,1183610,CHEMBL5738232,9,CHEMBL4531,CHEMBL5729191,8itz,P17931
CHEMBL5791962,OCC1O[C@H](Sc2cncc(Cl)c2)[C@@H](O)C(n2cc(-c3ccc(F)c(F)c3)nn2)[C@H]1O,Kd,100.0,nM,7.0,1183611,CHEMBL5738232,9,CHEMBL4531,CHEMBL5729191,8itz,P17931
CHEMBL5833038,OCC1O[C@H](Sc2cncc(Br)c2)[C@@H](O)C(n2cc(-c3ccc(F)c(F)c3)nn2)[C@H]1O,Kd,47.0,nM,7.33,1183612,CHEMBL5738232,9,CHEMBL4531,CHEMBL5729191,8itz,P17931
CHEMBL5968357,CCCC(=O)c1cn(C2[C@@H](O)C(CO)O[C@H](Sc3ccc(Cl)c(Cl)c3)[C@H]2O)nn1,Kd,1010.0,nM,6.0,1183613,CHEMBL5738232,9,CHEMBL4531,CHEMBL5729191,8itz,P17931
CHEMBL5775274,OCC1O[C@H](Sc2cnc(C(F)(F)F)c(Cl)c2)[C@@H](O)C(n2cc(-c3cc(F)c(F)c(F)c3)nn2)[C@H]1O,Kd,26.0,nM,7.58,1183614,CHEMBL5738232,9,CHEMBL4531,CHEMBL5729191,8itz,P17931
CHEMBL5986973,OCC1O[C@H](Sc2cc(Cl)cnc2C(F)(F)F)[C@@H](O)C(n2cc(-c3cc(F)c(F)c(F)c3)nn2)[C@H]1O,Kd,93.0,nM,7.03,1183615,CHEMBL5738232,9,CHEMBL4531,CHEMBL5729191,8itz,P17931
CHEMBL5815708,N#Cc1ncc(S[C@H]2OC(CO)[C@H](O)C(n3cc(-c4ccc(F)c(F)c4)nn3)[C@@H]2O)cc1Cl,Kd,74.0,nM,7.13,1183616,CHEMBL5738232,9,CHEMBL4531,CHEMBL5729191,8itz,P17931
CHEMBL5847428,N#Cc1ccc(S[C@H]2OC(CO)[C@H](O)C(n3cc(-c4ccc(F)c(F)c4)nn3)[C@@H]2O)cc1Cl,Kd,83.0,nM,7.08,1183617,CHEMBL5738232,9,CHEMBL4531,CHEMBL5729191,8itz,P17931
CHEMBL5756889,COC1[C@@H](Sc2cncc(Br)c2)OC(CO)[C@H](O)[C@@H]1n1cc(-c2cc(F)c(F)c(F)c2)nn1,Kd,25.0,nM,7.6,1208668,CHEMBL5738493,9,CHEMBL4531,CHEMBL5729330,8itz,P17931
CHEMBL5955206,COC1[C@@H](Sc2cc(Cl)ccc2C(=O)N(C)C)OC(CO)[C@H](O)[C@@H]1n1cc(-c2cc(F)c(F)c(F)c2)nn1,Kd,8.0,nM,8.1,1208669,CHEMBL5738493,9,CHEMBL4531,CHEMBL5729330,8itz,P17931
CHEMBL5895112,COC1[C@@H](Sc2cc(Cl)ccc2C(=O)N(C)C)OC(CO)[C@H](O)[C@@H]1n1cc(-c2cc(F)c(Cl)c(F)c2)nn1,Kd,14.0,nM,7.85,1208670,CHEMBL5738493,9,CHEMBL4531,CHEMBL5729330,8itz,P17931
CHEMBL5747231,OCC1O[C@H](Sc2cncc(Br)c2)C(OCC(O)C(F)(F)F)[C@@H](n2cc(-c3cc(F)c(F)c(F)c3)nn2)[C@H]1O,Kd,82.0,nM,7.09,1208671,CHEMBL5738493,9,CHEMBL4531,CHEMBL5729330,8itz,P17931
CHEMBL5857767,COC1[C@@H](Sc2cc(Cl)ccc2C(=O)N2CCCCC2)OC(CO)[C@H](O)[C@@H]1n1cc(-c2cc(F)c(Cl)c(F)c2)nn1,Kd,120.0,nM,6.92,1208672,CHEMBL5738493,9,CHEMBL4531,CHEMBL5729330,8itz,P17931
CHEMBL5898199,COC1[C@@H](Sc2cc(Cl)cnc2N2CC3(COC3)C2)OC(CO)[C@H](O)[C@@H]1n1cc(-c2cc(F)c(F)c(F)c2)nn1,Kd,33.0,nM,7.48,1208673,CHEMBL5738493,9,CHEMBL4531,CHEMBL5729330,8itz,P17931
CHEMBL5843697,COC1[C@@H](Sc2cc(Cl)cnc2N2CC3(COC3)C2)OC(CO)[C@H](O)[C@@H]1n1cc(-c2cc(F)c(Cl)c(F)c2)nn1,Kd,49.0,nM,7.31,1208674,CHEMBL5738493,9,CHEMBL4531,CHEMBL5729330,8itz,P17931
CHEMBL5958451,[C-]#[N+]c1ncc(Cl)cc1S[C@H]1OC(CO)[C@H](O)[C@H](n2cc(-c3cc(F)c(C)c(F)c3)nn2)C1OC,Kd,12.0,nM,7.92,1208675,CHEMBL5738493,9,CHEMBL4531,CHEMBL5729330,8itz,P17931
CHEMBL5760178,[C-]#[N+]c1ncc(Cl)cc1S[C@H]1OC(CO)[C@H](O)[C@H](n2cc(-c3ccc(C)c(F)c3)nn2)C1OC,Kd,14.0,nM,7.85,1208676,CHEMBL5738493,9,CHEMBL4531,CHEMBL5729330,8itz,P17931
CHEMBL5784160,[C-]#[N+]c1ccc(Cl)cc1S[C@H]1OC(CO)[C@H](O)[C@H](n2cc(-c3cc(F)c(C)c(F)c3)nn2)C1OC,Kd,50.0,nM,7.3,1208677,CHEMBL5738493,9,CHEMBL4531,CHEMBL5729330,8itz,P17931
CHEMBL6038850,[C-]#[N+]c1ncc(Cl)cc1S[C@H]1OC(CO)[C@H](O)[C@H](n2cc(-c3cc(F)c(F)c(F)c3)nn2)C1OCC,Kd,59.0,nM,7.23,1208678,CHEMBL5738493,9,CHEMBL4531,CHEMBL5729330,8itz,P17931
CHEMBL5883361,CCOC1[C@@H](Sc2cncc(Br)c2)OC(CO)[C@H](O)[C@@H]1n1cc(-c2cc(F)c(F)c(F)c2)nn1,Kd,74.0,nM,7.13,1208679,CHEMBL5738493,9,CHEMBL4531,CHEMBL5729330,8itz,P17931
CHEMBL5904046,CC(C)OC1[C@@H](Sc2cncc(Br)c2)OC(CO)[C@H](O)[C@@H]1n1cc(-c2cc(F)c(F)c(F)c2)nn1,Kd,150.0,nM,6.82,1208680,CHEMBL5738493,9,CHEMBL4531,CHEMBL5729330,8itz,P17931
CHEMBL5923219,OCC1O[C@H](Sc2cncc(Br)c2)C(OCCF)[C@@H](n2cc(-c3cc(F)c(F)c(F)c3)nn2)[C@H]1O,Kd,20.0,nM,7.7,1208681,CHEMBL5738493,9,CHEMBL4531,CHEMBL5729330,8itz,P17931
CHEMBL5754592,CNCCOC1[C@@H](Sc2cncc(Br)c2)OC(CO)[C@H](O)[C@@H]1n1cc(-c2cc(F)c(F)c(F)c2)nn1,Kd,71.0,nM,7.15,1208682,CHEMBL5738493,9,CHEMBL4531,CHEMBL5729330,8itz,P17931
CHEMBL5808111,OCCOC1[C@@H](Sc2ccc(Cl)c(Cl)c2)OC(CO)[C@H](O)[C@@H]1n1cc(-c2cc(F)c(Cl)c(F)c2)nn1,Kd,58.0,nM,7.24,1208683,CHEMBL5738493,9,CHEMBL4531,CHEMBL5729330,8itz,P17931
CHEMBL5885212,COC1[C@@H](Sc2cc(Cl)c(C#N)nc2N2CC3(COC3)C2)OC(CO)[C@H](O)[C@@H]1n1cc(-c2cc(F)c(Cl)c(F)c2)nn1,Kd,60.0,nM,7.22,1208684,CHEMBL5738493,9,CHEMBL4531,CHEMBL5729330,8itz,P17931
CHEMBL5869662,COC1[C@@H](Sc2cc(Cl)c(C#N)nc2N2CC3(COC3)C2)OC(CO)[C@H](O)[C@@H]1n1cc(-c2cc(F)c(F)c(F)c2)nn1,Kd,37.0,nM,7.43,1208685,CHEMBL5738493,9,CHEMBL4531,CHEMBL5729330,8itz,P17931
CHEMBL6056584,COC1[C@@H](Sc2cc(Cl)cnc2-c2cncnc2)OC(CO)[C@H](O)[C@@H]1n1cc(-c2cc(F)c(F)c(F)c2)nn1,Kd,28.0,nM,7.55,1208686,CHEMBL5738493,9,CHEMBL4531,CHEMBL5729330,8itz,P17931
CHEMBL5760111,COC1[C@@H](Sc2cc(Cl)cnc2-c2ccccn2)OC(CO)[C@H](O)[C@@H]1n1cc(-c2cc(F)c(F)c(F)c2)nn1,Kd,24.0,nM,7.62,1208687,CHEMBL5738493,9,CHEMBL4531,CHEMBL5729330,8itz,P17931
CHEMBL5767534,COC1[C@@H](Sc2cc(Cl)cnc2-c2cccnc2)OC(CO)[C@H](O)[C@@H]1n1cc(-c2cc(F)c(F)c(F)c2)nn1,Kd,55.0,nM,7.26,1208688,CHEMBL5738493,9,CHEMBL4531,CHEMBL5729330,8itz,P17931
CHEMBL5796051,COC1[C@@H](Sc2cc(Cl)cnc2-c2ccncc2)OC(CO)[C@H](O)[C@@H]1n1cc(-c2cc(F)c(F)c(F)c2)nn1,Kd,56.0,nM,7.25,1208689,CHEMBL5738493,9,CHEMBL4531,CHEMBL5729330,8itz,P17931
CHEMBL5802275,COC1[C@@H](Sc2cc(Cl)cnc2C2=CCNCC2)OC(CO)[C@H](O)[C@@H]1n1cc(-c2cc(F)c(F)c(F)c2)nn1,Kd,36.0,nM,7.44,1208690,CHEMBL5738493,9,CHEMBL4531,CHEMBL5729330,8itz,P17931
CHEMBL5780616,COC1[C@@H](Sc2cc(Cl)cnc2C2=CCNC2)OC(CO)[C@H](O)[C@@H]1n1cc(-c2cc(F)c(F)c(F)c2)nn1,Kd,68.0,nM,7.17,1208691,CHEMBL5738493,9,CHEMBL4531,CHEMBL5729330,8itz,P17931
CHEMBL5870910,COC1[C@@H](Sc2cc(Cl)cnc2-c2ncco2)OC(CO)[C@H](O)[C@@H]1n1cc(-c2cc(F)c(F)c(F)c2)nn1,Kd,56.0,nM,7.25,1208692,CHEMBL5738493,9,CHEMBL4531,CHEMBL5729330,8itz,P17931
CHEMBL5762858,COC1[C@@H](Sc2cc(Cl)cnc2-c2nccs2)OC(CO)[C@H](O)[C@@H]1n1cc(-c2cc(F)c(F)c(F)c2)nn1,Kd,300.0,nM,6.52,1208693,CHEMBL5738493,9,CHEMBL4531,CHEMBL5729330,8itz,P17931
CHEMBL6006324,COC1[C@@H](Sc2cc(-c3nccs3)cnc2-c2nccs2)OC(CO)[C@H](O)[C@@H]1n1cc(-c2cc(F)c(F)c(F)c2)nn1,Kd,210.0,nM,6.68,1208694,CHEMBL5738493,9,CHEMBL4531,CHEMBL5729330,8itz,P17931
CHEMBL5975337,COC1[C@@H](Sc2cncc(Cl)c2)OC(CO)[C@H](O)[C@@H]1n1cc(-c2cc(F)c(Cl)c(F)c2)nn1,Kd,31.0,nM,7.51,1208695,CHEMBL5738493,9,CHEMBL4531,CHEMBL5729330,8itz,P17931
CHEMBL5904970,COC1[C@@H](Sc2cncc(Br)c2)OC(CO)[C@H](O)[C@@H]1n1cc(-c2cc(F)c(Cl)c(F)c2)nn1,Kd,21.0,nM,7.68,1208696,CHEMBL5738493,9,CHEMBL4531,CHEMBL5729330,8itz,P17931
CHEMBL6038935,COC1[C@@H](Sc2cncc(Cl)c2)OC(CO)[C@H](O)[C@@H]1n1cc(-c2ccc(C)c(F)c2)nn1,Kd,45.0,nM,7.35,1208697,CHEMBL5738493,9,CHEMBL4531,CHEMBL5729330,8itz,P17931
CHEMBL6030431,COC1[C@@H](Sc2cncc(Br)c2)OC(CO)[C@H](O)[C@@H]1n1cc(-c2ccc(C)c(F)c2)nn1,Kd,26.0,nM,7.58,1208698,CHEMBL5738493,9,CHEMBL4531,CHEMBL5729330,8itz,P17931
CHEMBL5815149,COC1[C@@H](Sc2cncc(Cl)c2)OC(CO)[C@H](O)[C@@H]1n1cc(-c2ccc(Cl)c(F)c2)nn1,Kd,42.0,nM,7.38,1208699,CHEMBL5738493,9,CHEMBL4531,CHEMBL5729330,8itz,P17931
CHEMBL5968019,COC1[C@@H](Sc2cncc(Br)c2)OC(CO)[C@H](O)[C@@H]1n1cc(-c2ccc(Cl)c(F)c2)nn1,Kd,62.0,nM,7.21,1208700,CHEMBL5738493,9,CHEMBL4531,CHEMBL5729330,8itz,P17931
CHEMBL5739789,COC1[C@@H](Sc2cnc(C(F)(F)F)c(C)c2)OC(CO)[C@H](O)[C@@H]1n1cc(-c2cc(F)c(Cl)c(F)c2)nn1,Kd,280.0,nM,6.55,1208701,CHEMBL5738493,9,CHEMBL4531,CHEMBL5729330,8itz,P17931
CHEMBL6015211,COC1[C@@H](Sc2cc(Cl)ccc2C(=O)N2CCC2)OC(CO)[C@H](O)[C@@H]1n1cc(-c2cc(F)c(Cl)c(F)c2)nn1,Kd,15.0,nM,7.82,1208702,CHEMBL5738493,9,CHEMBL4531,CHEMBL5729330,8itz,P17931
CHEMBL6022588,COC1[C@@H](Sc2cc(Cl)ccc2C(=O)N2CCC2)OC(CO)[C@H](O)[C@@H]1n1cc(-c2ccc(C)c(F)c2)nn1,Kd,7.0,nM,8.15,1208703,CHEMBL5738493,9,CHEMBL4531,CHEMBL5729330,8itz,P17931
CHEMBL5799074,COC1[C@@H](Sc2cncc(Cl)c2)OC(CO)[C@H](O)[C@@H]1n1cc(-c2cc(F)c(F)c(F)c2)nn1,Kd,29.0,nM,7.54,1208704,CHEMBL5738493,9,CHEMBL4531,CHEMBL5729330,8itz,P17931
CHEMBL6007575,COC1[C@@H](Sc2cncc(Cl)c2)OC(CO)[C@H](O)[C@@H]1n1cc(-c2ccc(C)c(F)n2)nn1,Kd,39.0,nM,7.41,1208705,CHEMBL5738493,9,CHEMBL4531,CHEMBL5729330,8itz,P17931
CHEMBL5750394,COC1[C@@H](Sc2cncc(Cl)c2)OC(CO)[C@H](O)[C@@H]1n1cc(-c2ccc(Cl)c(C)n2)nn1,Kd,880.0,nM,6.06,1208706,CHEMBL5738493,9,CHEMBL4531,CHEMBL5729330,8itz,P17931
CHEMBL6016683,COC1[C@@H](Sc2cnc(C#N)c(Cl)c2)OC(CO)[C@H](O)[C@@H]1n1cc(-c2cc(F)c(F)c(F)c2)nn1,Kd,65.0,nM,7.19,1208707,CHEMBL5738493,9,CHEMBL4531,CHEMBL5729330,8itz,P17931
CHEMBL5786686,[C-]#[N+]c1ncc(Cl)cc1S[C@H]1OC(CO)[C@H](O)[C@H](n2cc(-c3cc(F)c(F)c(F)c3)nn2)C1OC,Kd,35.0,nM,7.46,1208708,CHEMBL5738493,9,CHEMBL4531,CHEMBL5729330,8itz,P17931
CHEMBL5760801,[C-]#[N+]c1ncc(Cl)cc1S[C@H]1OC(CO)[C@H](O)[C@H](n2cc(-c3cc(F)c(Cl)c(F)c3)nn2)C1OC,Kd,34.0,nM,7.47,1208709,CHEMBL5738493,9,CHEMBL4531,CHEMBL5729330,8itz,P17931
CHEMBL5845800,[C-]#[N+]c1ncc(Cl)cc1S[C@H]1OC(CO)[C@H](O)[C@H](n2cc(-c3ccc(Cl)c(F)c3)nn2)C1OC,Kd,31.0,nM,7.51,1208710,CHEMBL5738493,9,CHEMBL4531,CHEMBL5729330,8itz,P17931
CHEMBL6043011,[C-]#[N+]c1ncc(C)cc1S[C@H]1OC(CO)[C@H](O)[C@H](n2cc(-c3cc(F)c(Cl)c(F)c3)nn2)C1OC,Kd,50.0,nM,7.3,1208711,CHEMBL5738493,9,CHEMBL4531,CHEMBL5729330,8itz,P17931
CHEMBL5998357,[C-]#[N+]c1ncc(Br)cc1S[C@H]1OC(CO)[C@H](O)[C@H](n2cc(-c3cc(F)c(Cl)c(F)c3)nn2)C1OC,Kd,23.0,nM,7.64,1208712,CHEMBL5738493,9,CHEMBL4531,CHEMBL5729330,8itz,P17931
CHEMBL5827535,[C-]#[N+]c1ncc(Br)cc1S[C@H]1OC(CO)[C@H](O)[C@H](n2cc(-c3ccc(Cl)c(F)c3)nn2)C1OC,Kd,37.0,nM,7.43,1208713,CHEMBL5738493,9,CHEMBL4531,CHEMBL5729330,8itz,P17931
CHEMBL5919540,COC1[C@@H](Sc2cc(Cl)cnc2C(=O)N2CCC2)OC(CO)[C@H](O)[C@@H]1n1cc(-c2cc(F)c(Cl)c(F)c2)nn1,Kd,16.0,nM,7.8,1208714,CHEMBL5738493,9,CHEMBL4531,CHEMBL5729330,8itz,P17931
CHEMBL6017691,COC1[C@@H](Sc2cc(Cl)cnc2C(=O)N2CCC2)OC(CO)[C@H](O)[C@@H]1n1cc(-c2ccc(Cl)c(F)c2)nn1,Kd,21.0,nM,7.68,1208715,CHEMBL5738493,9,CHEMBL4531,CHEMBL5729330,8itz,P17931
CHEMBL5784563,C#Cc1cncc(S[C@H]2OC(CO)[C@H](O)[C@H](n3cc(-c4cc(F)c(Cl)c(F)c4)nn3)C2OC)c1,Kd,35.0,nM,7.46,1208716,CHEMBL5738493,9,CHEMBL4531,CHEMBL5729330,8itz,P17931
CHEMBL5821145,[C-]#[N+]c1ncc(Cl)cc1S[C@H]1OC(CO)[C@H](O)[C@H](n2cc(-c3ccc(Cl)c(F)n3)nn2)C1OC,Kd,350.0,nM,6.46,1208717,CHEMBL5738493,9,CHEMBL4531,CHEMBL5729330,8itz,P17931
CHEMBL5875089,[C-]#[N+]c1ncc(C#C)cc1S[C@H]1OC(CO)[C@H](O)[C@H](n2cc(-c3cc(F)c(Cl)c(F)c3)nn2)C1OC,Kd,28.0,nM,7.55,1208718,CHEMBL5738493,9,CHEMBL4531,CHEMBL5729330,8itz,P17931
CHEMBL5971032,[C-]#[N+]c1ncc(C#C)cc1S[C@H]1OC(CO)[C@H](O)[C@H](n2cc(-c3cc(F)c(C)c(F)c3)nn2)C1OC,Kd,35.0,nM,7.46,1208719,CHEMBL5738493,9,CHEMBL4531,CHEMBL5729330,8itz,P17931
CHEMBL5880879,COC1[C@@H](Sc2cnc(C(F)(F)F)c(C#N)c2)OC(CO)[C@H](O)[C@@H]1n1cc(-c2cc(F)c(Cl)c(F)c2)nn1,Kd,190.0,nM,6.72,1208720,CHEMBL5738493,9,CHEMBL4531,CHEMBL5729330,8itz,P17931
CHEMBL5827956,COC1[C@@H](Sc2cncc(C#N)c2)OC(CO)[C@H](O)[C@@H]1n1cc(-c2cc(F)c(F)c(F)c2)nn1,Kd,76.0,nM,7.12,1208721,CHEMBL5738493,9,CHEMBL4531,CHEMBL5729330,8itz,P17931
CHEMBL5839572,COC1[C@@H](Sc2cncc(C#N)c2)OC(CO)[C@H](O)[C@@H]1n1cc(-c2cc(F)c(Cl)c(F)c2)nn1,Kd,80.0,nM,7.1,1208722,CHEMBL5738493,9,CHEMBL4531,CHEMBL5729330,8itz,P17931
CHEMBL5782642,COC1[C@@H](Sc2cc(Br)cnc2C(=O)N2CCC2)OC(CO)[C@H](O)[C@@H]1n1cc(-c2ccc(Cl)c(F)c2)nn1,Kd,7.0,nM,8.15,1208723,CHEMBL5738493,9,CHEMBL4531,CHEMBL5729330,8itz,P17931
CHEMBL6007059,COC1[C@@H](Sc2cc(Br)cnc2C(=O)N2CCC2)OC(CO)[C@H](O)[C@@H]1n1cc(-c2cc(F)c(F)c(F)c2)nn1,Kd,6.0,nM,8.22,1208724,CHEMBL5738493,9,CHEMBL4531,CHEMBL5729330,8itz,P17931
CHEMBL5832884,CCOC1[C@@H](Sc2cc(Br)cnc2C(=O)N2CCC2)OC(CO)[C@H](O)[C@@H]1n1cc(-c2ccc(Cl)c(F)c2)nn1,Kd,8.0,nM,8.1,1208725,CHEMBL5738493,9,CHEMBL4531,CHEMBL5729330,8itz,P17931
CHEMBL5928189,COC1[C@@H](Sc2cc(Br)ccc2C(=O)N2CCC2)OC(CO)[C@H](O)[C@@H]1n1cc(-c2cc(F)c(F)c(F)c2)nn1,Kd,16.0,nM,7.8,1208726,CHEMBL5738493,9,CHEMBL4531,CHEMBL5729330,8itz,P17931
CHEMBL5755216,CCOC1[C@@H](Sc2cc(Br)ccc2C(=O)N2CCC2)OC(CO)[C@H](O)[C@@H]1n1cc(-c2cc(F)c(F)c(F)c2)nn1,Kd,18.0,nM,7.75,1208727,CHEMBL5738493,9,CHEMBL4531,CHEMBL5729330,8itz,P17931
CHEMBL6000530,COC1[C@@H](Sc2cc(Cl)cnc2C(=O)N2CCC2)OC(CO)[C@H](O)[C@@H]1n1cc(-c2cc(F)c(F)c(F)c2)nn1,Kd,10.0,nM,8.0,1208728,CHEMBL5738493,9,CHEMBL4531,CHEMBL5729330,8itz,P17931
CHEMBL5988337,CCOC1[C@@H](Sc2cc(Cl)cnc2C(=O)N2CCC2)OC(CO)[C@H](O)[C@@H]1n1cc(-c2cc(F)c(F)c(F)c2)nn1,Kd,21.0,nM,7.68,1208729,CHEMBL5738493,9,CHEMBL4531,CHEMBL5729330,8itz,P17931
CHEMBL5836173,CCOC1[C@@H](Sc2cc(Cl)cnc2C(=O)N2CCC2)OC(CO)[C@H](O)[C@@H]1n1cc(-c2ccc(Cl)c(F)c2)nn1,Kd,17.0,nM,7.77,1208730,CHEMBL5738493,9,CHEMBL4531,CHEMBL5729330,8itz,P17931
CHEMBL5855123,CCOC1[C@@H](Sc2cc(Cl)cnc2C(=O)N2CCC2)OC(CO)[C@H](O)[C@@H]1n1cc(-c2cc(F)c(Cl)c(F)c2)nn1,Kd,11.0,nM,7.96,1208731,CHEMBL5738493,9,CHEMBL4531,CHEMBL5729330,8itz,P17931
CHEMBL5952879,COC1[C@@H](Sc2cc(Cl)ccc2C(=O)N2CCC2)OC(CO)[C@H](O)[C@@H]1n1cc(-c2cc(F)c(F)c(F)c2)nn1,Kd,12.0,nM,7.92,1208732,CHEMBL5738493,9,CHEMBL4531,CHEMBL5729330,8itz,P17931
CHEMBL5790595,COC1[C@@H](Sc2ccc(Cl)c(Cl)c2)OC(CO)[C@H](O)[C@@H]1n1cc(-c2cc(F)c(Cl)c(F)c2)nn1,Kd,250.0,nM,6.6,1208733,CHEMBL5738493,9,CHEMBL4531,CHEMBL5729330,8itz,P17931
